,GAME_ID,EVENTNUM,EVENTMSGTYPE,EVENTMSGACTIONTYPE,PERIOD,WCTIMESTRING,PCTIMESTRING,HOMEDESCRIPTION,NEUTRALDESCRIPTION,VISITORDESCRIPTION,SCORE,SCOREMARGIN,PERSON1TYPE,PLAYER1_ID,PLAYER1_NAME,PLAYER1_TEAM_ID,PLAYER1_TEAM_CITY,PLAYER1_TEAM_NICKNAME,PLAYER1_TEAM_ABBREVIATION,PERSON2TYPE,PLAYER2_ID,PLAYER2_NAME,PLAYER2_TEAM_ID,PLAYER2_TEAM_CITY,PLAYER2_TEAM_NICKNAME,PLAYER2_TEAM_ABBREVIATION,PERSON3TYPE,PLAYER3_ID,PLAYER3_NAME,PLAYER3_TEAM_ID,PLAYER3_TEAM_CITY,PLAYER3_TEAM_NICKNAME,PLAYER3_TEAM_ABBREVIATION,VIDEO_AVAILABLE_FLAG
0,0022000776,2,12,0,1,7:11 PM,12:00,,Start of 1st Period (7:11 PM EST),,,,0,0,,,,,,0,0,,,,,,0,0,,,,,,0
1,0022000776,4,10,0,1,7:11 PM,12:00,Jump Ball Bitadze vs. Towns: Tip to Rubio,,,,,4,1629048,Goga Bitadze,1610612754.0,Indiana,Pacers,IND,5,1626157,Karl-Anthony Towns,1610612750.0,Minnesota,Timberwolves,MIN,5,201937,Ricky Rubio,1610612750.0,Minnesota,Timberwolves,MIN,1
2,0022000776,7,5,45,1,7:11 PM,11:45,,,Towns Out of Bounds - Bad Pass Turnover Turnover (P1.T1),,,5,1626157,Karl-Anthony Towns,1610612750.0,Minnesota,Timberwolves,MIN,0,0,,,,,,1,0,,,,,,1
3,0022000776,8,2,5,1,7:11 PM,11:31,MISS Bitadze 5' Layup,,Towns BLOCK (1 BLK),,,4,1629048,Goga Bitadze,1610612754.0,Indiana,Pacers,IND,0,0,,,,,,5,1626157,Karl-Anthony Towns,1610612750.0,Minnesota,Timberwolves,MIN,1
4,0022000776,10,4,0,1,7:11 PM,11:28,,,Rubio REBOUND (Off:0 Def:1),,,5,201937,Ricky Rubio,1610612750.0,Minnesota,Timberwolves,MIN,0,0,,,,,,0,0,,,,,,1
5,0022000776,11,1,103,1,7:11 PM,11:25,,,Rubio 1' Running Pull-Up Jump Shot (2 PTS),2 - 0,-2,5,201937,Ricky Rubio,1610612750.0,Minnesota,Timberwolves,MIN,0,0,,,,,,0,0,,,,,,1
6,0022000776,12,7,2,1,7:11 PM,11:25,Bitadze Violation:Defensive Goaltending (S.Wall),,,,,4,1629048,Goga Bitadze,1610612754.0,Indiana,Pacers,IND,0,0,,,,,,1,0,,,,,,1
7,0022000776,13,2,1,1,7:12 PM,11:11,MISS McDermott 27' 3PT Jump Shot,,,,,4,203926,Doug McDermott,1610612754.0,Indiana,Pacers,IND,0,0,,,,,,0,0,,,,,,1
8,0022000776,14,4,0,1,7:12 PM,11:07,,,McDaniels REBOUND (Off:0 Def:1),,,5,1630183,Jaden McDaniels,1610612750.0,Minnesota,Timberwolves,MIN,0,0,,,,,,0,0,,,,,,1
9,0022000776,15,2,101,1,7:12 PM,11:02,Sumner BLOCK (1 BLK),,MISS Rubio 4' Driving Floating Jump Shot,,,5,201937,Ricky Rubio,1610612750.0,Minnesota,Timberwolves,MIN,0,0,,,,,,4,1628410,Edmond Sumner,1610612754.0,Indiana,Pacers,IND,1
10,0022000776,17,4,0,1,7:12 PM,11:01,,,Timberwolves Rebound,,,3,1610612750,,,,,,0,0,,,,,,0,0,,,,,,0
11,0022000776,19,2,1,1,7:12 PM,11:00,,,MISS Layman 25' 3PT Jump Shot,,,5,1627774,Jake Layman,1610612750.0,Minnesota,Timberwolves,MIN,0,0,,,,,,0,0,,,,,,1
12,0022000776,20,4,0,1,7:12 PM,10:56,,,Edwards REBOUND (Off:1 Def:0),,,5,1630162,Anthony Edwards,1610612750.0,Minnesota,Timberwolves,MIN,0,0,,,,,,0,0,,,,,,1
13,0022000776,21,5,2,1,7:12 PM,10:52,Bitadze STEAL (1 STL),,McDaniels Lost Ball Turnover (P1.T2),,,5,1630183,Jaden McDaniels,1610612750.0,Minnesota,Timberwolves,MIN,4,1629048,Goga Bitadze,1610612754.0,Indiana,Pacers,IND,0,0,,,,,,1
14,0022000776,23,1,73,1,7:12 PM,10:43,Holiday 2' Driving Reverse Layup (2 PTS),,,2 - 2,TIE,4,203200,Justin Holiday,1610612754.0,Indiana,Pacers,IND,0,0,,,,,,0,0,,,,,,1
15,0022000776,24,2,6,1,7:13 PM,10:32,,,MISS Edwards 3' Driving Layup,,,5,1630162,Anthony Edwards,1610612750.0,Minnesota,Timberwolves,MIN,0,0,,,,,,0,0,,,,,,1
16,0022000776,25,4,0,1,7:13 PM,10:30,,,Towns REBOUND (Off:1 Def:0),,,5,1626157,Karl-Anthony Towns,1610612750.0,Minnesota,Timberwolves,MIN,0,0,,,,,,0,0,,,,,,1
17,0022000776,26,1,1,1,7:13 PM,10:26,,,Rubio 27' 3PT Jump Shot (5 PTS) (Edwards 1 AST),5 - 2,-3,5,201937,Ricky Rubio,1610612750.0,Minnesota,Timberwolves,MIN,5,1630162,Anthony Edwards,1610612750.0,Minnesota,Timberwolves,MIN,0,0,,,,,,1
18,0022000776,28,6,2,1,7:13 PM,10:12,,,Layman S.FOUL (P1.T1) (J.Tiven),,,5,1627774,Jake Layman,1610612750.0,Minnesota,Timberwolves,MIN,4,203926,Doug McDermott,1610612754.0,Indiana,Pacers,IND,1,0,,,,,,1
19,0022000776,30,3,11,1,7:13 PM,10:12,McDermott Free Throw 1 of 2 (1 PTS),,,5 - 3,-2,4,203926,Doug McDermott,1610612754.0,Indiana,Pacers,IND,0,0,,,,,,0,0,,,,,,1
20,0022000776,31,3,12,1,7:14 PM,10:12,McDermott Free Throw 2 of 2 (2 PTS),,,5 - 4,-1,4,203926,Doug McDermott,1610612754.0,Indiana,Pacers,IND,0,0,,,,,,0,0,,,,,,1
21,0022000776,32,6,2,1,7:14 PM,10:03,Holiday S.FOUL (P1.T1) (D.Scott),,,,,4,203200,Justin Holiday,1610612754.0,Indiana,Pacers,IND,5,1630162,Anthony Edwards,1610612750.0,Minnesota,Timberwolves,MIN,1,0,,,,,,1
22,0022000776,34,3,11,1,7:14 PM,10:03,,,Edwards Free Throw 1 of 2 (1 PTS),6 - 4,-2,5,1630162,Anthony Edwards,1610612750.0,Minnesota,Timberwolves,MIN,0,0,,,,,,0,0,,,,,,1
23,0022000776,35,3,12,1,7:14 PM,10:03,,,MISS Edwards Free Throw 2 of 2,,,5,1630162,Anthony Edwards,1610612750.0,Minnesota,Timberwolves,MIN,0,0,,,,,,0,0,,,,,,1
24,0022000776,36,4,0,1,7:14 PM,10:02,McDermott REBOUND (Off:0 Def:1),,,,,4,203926,Doug McDermott,1610612754.0,Indiana,Pacers,IND,0,0,,,,,,0,0,,,,,,1
25,0022000776,37,2,1,1,7:15 PM,9:52,MISS Holiday 26' 3PT Jump Shot,,,,,4,203200,Justin Holiday,1610612754.0,Indiana,Pacers,IND,0,0,,,,,,0,0,,,,,,1
26,0022000776,38,4,0,1,7:15 PM,9:48,,,Towns REBOUND (Off:1 Def:1),,,5,1626157,Karl-Anthony Towns,1610612750.0,Minnesota,Timberwolves,MIN,0,0,,,,,,0,0,,,,,,1
27,0022000776,39,6,2,1,7:15 PM,9:43,Bitadze S.FOUL (P1.T2) (S.Wall),,,,,4,1629048,Goga Bitadze,1610612754.0,Indiana,Pacers,IND,5,1626157,Karl-Anthony Towns,1610612750.0,Minnesota,Timberwolves,MIN,1,0,,,,,,1
28,0022000776,41,3,11,1,7:15 PM,9:43,,,MISS Towns Free Throw 1 of 2,,,5,1626157,Karl-Anthony Towns,1610612750.0,Minnesota,Timberwolves,MIN,0,0,,,,,,0,0,,,,,,1
29,0022000776,42,4,1,1,7:15 PM,9:43,,,Timberwolves Rebound,,,3,1610612750,,,,,,0,0,,,,,,0,0,,,,,,0
30,0022000776,43,3,12,1,7:15 PM,9:43,,,Towns Free Throw 2 of 2 (1 PTS),7 - 4,-3,5,1626157,Karl-Anthony Towns,1610612750.0,Minnesota,Timberwolves,MIN,0,0,,,,,,0,0,,,,,,1
31,0022000776,44,1,79,1,7:16 PM,9:30,LeVert 10' Pullup Jump Shot (2 PTS),,,7 - 6,-1,4,1627747,Caris LeVert,1610612754.0,Indiana,Pacers,IND,0,0,,,,,,0,0,,,,,,1
32,0022000776,45,2,1,1,7:16 PM,9:15,,,MISS Rubio 25' 3PT Jump Shot,,,5,201937,Ricky Rubio,1610612750.0,Minnesota,Timberwolves,MIN,0,0,,,,,,0,0,,,,,,1
33,0022000776,46,4,0,1,7:16 PM,9:11,Holiday REBOUND (Off:0 Def:1),,,,,4,203200,Justin Holiday,1610612754.0,Indiana,Pacers,IND,0,0,,,,,,0,0,,,,,,1
34,0022000776,47,2,76,1,7:16 PM,9:06,MISS Sumner 1' Running Finger Roll Layup,,,,,4,1628410,Edmond Sumner,1610612754.0,Indiana,Pacers,IND,0,0,,,,,,0,0,,,,,,1
35,0022000776,48,4,0,1,7:16 PM,9:04,,,Rubio REBOUND (Off:0 Def:2),,,5,201937,Ricky Rubio,1610612750.0,Minnesota,Timberwolves,MIN,0,0,,,,,,0,0,,,,,,1
36,0022000776,49,1,75,1,7:16 PM,8:57,,,Layman 1' Driving Finger Roll Layup (2 PTS) (Towns 1 AST),9 - 6,-3,5,1627774,Jake Layman,1610612750.0,Minnesota,Timberwolves,MIN,5,1626157,Karl-Anthony Towns,1610612750.0,Minnesota,Timberwolves,MIN,0,0,,,,,,1
37,0022000776,51,2,1,1,7:16 PM,8:42,MISS LeVert 27' 3PT Jump Shot,,,,,4,1627747,Caris LeVert,1610612754.0,Indiana,Pacers,IND,0,0,,,,,,0,0,,,,,,1
38,0022000776,52,4,0,1,7:17 PM,8:38,,,Edwards REBOUND (Off:1 Def:1),,,5,1630162,Anthony Edwards,1610612750.0,Minnesota,Timberwolves,MIN,0,0,,,,,,0,0,,,,,,1
39,0022000776,53,2,79,1,7:17 PM,8:31,,,MISS Edwards 16' Pullup Jump Shot,,,5,1630162,Anthony Edwards,1610612750.0,Minnesota,Timberwolves,MIN,0,0,,,,,,0,0,,,,,,1
40,0022000776,54,4,0,1,7:17 PM,8:28,Holiday REBOUND (Off:0 Def:2),,,,,4,203200,Justin Holiday,1610612754.0,Indiana,Pacers,IND,0,0,,,,,,0,0,,,,,,1
41,0022000776,55,1,1,1,7:17 PM,8:22,Bitadze 27' 3PT Jump Shot (3 PTS) (Holiday 1 AST),,,9 - 9,TIE,4,1629048,Goga Bitadze,1610612754.0,Indiana,Pacers,IND,4,203200,Justin Holiday,1610612754.0,Indiana,Pacers,IND,0,0,,,,,,1
42,0022000776,57,1,9,1,7:17 PM,8:03,,,Edwards 1' Driving Dunk (3 PTS) (Rubio 1 AST),11 - 9,-2,5,1630162,Anthony Edwards,1610612750.0,Minnesota,Timberwolves,MIN,5,201937,Ricky Rubio,1610612750.0,Minnesota,Timberwolves,MIN,0,0,,,,,,1
43,0022000776,59,1,98,1,7:17 PM,7:46,Bitadze 1' Cutting Layup Shot (5 PTS) (Holiday 2 AST),,,11 - 11,TIE,4,1629048,Goga Bitadze,1610612754.0,Indiana,Pacers,IND,4,203200,Justin Holiday,1610612754.0,Indiana,Pacers,IND,0,0,,,,,,1
44,0022000776,61,2,1,1,7:18 PM,7:31,,,MISS Towns 26' 3PT Jump Shot,,,5,1626157,Karl-Anthony Towns,1610612750.0,Minnesota,Timberwolves,MIN,0,0,,,,,,0,0,,,,,,1
45,0022000776,62,4,0,1,7:18 PM,7:29,,,McDaniels REBOUND (Off:1 Def:1),,,5,1630183,Jaden McDaniels,1610612750.0,Minnesota,Timberwolves,MIN,0,0,,,,,,0,0,,,,,,1
46,0022000776,64,2,80,1,7:18 PM,7:16,,,MISS Towns 27' 3PT Step Back Jump Shot,,,5,1626157,Karl-Anthony Towns,1610612750.0,Minnesota,Timberwolves,MIN,0,0,,,,,,0,0,,,,,,1
47,0022000776,65,4,0,1,7:18 PM,7:12,LeVert REBOUND (Off:0 Def:1),,,,,4,1627747,Caris LeVert,1610612754.0,Indiana,Pacers,IND,0,0,,,,,,0,0,,,,,,1
48,0022000776,66,1,80,1,7:19 PM,7:00,LeVert 20' Step Back Jump Shot (4 PTS),,,11 - 13,2,4,1627747,Caris LeVert,1610612754.0,Indiana,Pacers,IND,0,0,,,,,,0,0,,,,,,1
49,0022000776,67,2,1,1,7:19 PM,6:40,,,MISS Edwards 27' 3PT Jump Shot,,,5,1630162,Anthony Edwards,1610612750.0,Minnesota,Timberwolves,MIN,0,0,,,,,,0,0,,,,,,1
50,0022000776,68,4,0,1,7:19 PM,6:38,,,Towns REBOUND (Off:2 Def:1),,,5,1626157,Karl-Anthony Towns,1610612750.0,Minnesota,Timberwolves,MIN,0,0,,,,,,0,0,,,,,,1
51,0022000776,69,2,1,1,7:19 PM,6:37,,,MISS Towns 3PT Jump Shot,,,5,1626157,Karl-Anthony Towns,1610612750.0,Minnesota,Timberwolves,MIN,0,0,,,,,,0,0,,,,,,1
52,0022000776,70,4,0,1,7:19 PM,6:32,LeVert REBOUND (Off:0 Def:2),,,,,4,1627747,Caris LeVert,1610612754.0,Indiana,Pacers,IND,0,0,,,,,,0,0,,,,,,1
53,0022000776,71,1,5,1,7:19 PM,6:24,LeVert 1' Layup (6 PTS),,,11 - 15,4,4,1627747,Caris LeVert,1610612754.0,Indiana,Pacers,IND,0,0,,,,,,0,0,,,,,,1
54,0022000776,72,6,2,1,7:19 PM,6:16,Sumner S.FOUL (P1.T3) (S.Wall),,,,,4,1628410,Edmond Sumner,1610612754.0,Indiana,Pacers,IND,5,201937,Ricky Rubio,1610612750.0,Minnesota,Timberwolves,MIN,1,0,,,,,,1
55,0022000776,74,9,1,1,7:19 PM,6:16,PACERS Timeout: Regular (Full 1 Short 0),,,,,2,1610612754,,,,,,0,0,,,,,,0,0,,,,,,0
56,0022000776,75,8,0,1,7:22 PM,6:16,,,SUB: Russell FOR Layman,,,5,1627774,Jake Layman,1610612750.0,Minnesota,Timberwolves,MIN,5,1626156,D'Angelo Russell,1610612750.0,Minnesota,Timberwolves,MIN,0,0,,,,,,0
57,0022000776,77,3,11,1,7:23 PM,6:16,,,Rubio Free Throw 1 of 2 (6 PTS),12 - 15,3,5,201937,Ricky Rubio,1610612750.0,Minnesota,Timberwolves,MIN,0,0,,,,,,0,0,,,,,,1
58,0022000776,78,3,12,1,7:23 PM,6:16,,,Rubio Free Throw 2 of 2 (7 PTS),13 - 15,2,5,201937,Ricky Rubio,1610612750.0,Minnesota,Timberwolves,MIN,0,0,,,,,,0,0,,,,,,1
59,0022000776,79,2,1,1,7:23 PM,6:04,MISS McDermott 28' 3PT Jump Shot,,,,,4,203926,Doug McDermott,1610612754.0,Indiana,Pacers,IND,0,0,,,,,,0,0,,,,,,1
60,0022000776,80,4,0,1,7:23 PM,6:01,Bitadze REBOUND (Off:1 Def:0),,,,,4,1629048,Goga Bitadze,1610612754.0,Indiana,Pacers,IND,0,0,,,,,,0,0,,,,,,1
61,0022000776,81,2,86,1,7:23 PM,5:50,MISS Bitadze 10' Turnaround Fadeaway Shot,,,,,4,1629048,Goga Bitadze,1610612754.0,Indiana,Pacers,IND,0,0,,,,,,0,0,,,,,,1
62,0022000776,82,4,0,1,7:23 PM,5:48,,,Towns REBOUND (Off:2 Def:2),,,5,1626157,Karl-Anthony Towns,1610612750.0,Minnesota,Timberwolves,MIN,0,0,,,,,,0,0,,,,,,1
63,0022000776,83,2,3,1,7:24 PM,5:36,,,MISS Towns 8' Hook Shot,,,5,1626157,Karl-Anthony Towns,1610612750.0,Minnesota,Timberwolves,MIN,0,0,,,,,,0,0,,,,,,1
64,0022000776,84,4,0,1,7:24 PM,5:33,,,McDaniels REBOUND (Off:2 Def:1),,,5,1630183,Jaden McDaniels,1610612750.0,Minnesota,Timberwolves,MIN,0,0,,,,,,0,0,,,,,,1
65,0022000776,85,1,97,1,7:24 PM,5:33,,,McDaniels Tip Layup Shot (2 PTS),15 - 15,TIE,5,1630183,Jaden McDaniels,1610612750.0,Minnesota,Timberwolves,MIN,0,0,,,,,,0,0,,,,,,1
66,0022000776,86,2,79,1,7:24 PM,5:17,MISS LeVert 12' Pullup Jump Shot,,,,,4,1627747,Caris LeVert,1610612754.0,Indiana,Pacers,IND,0,0,,,,,,0,0,,,,,,1
67,0022000776,87,4,0,1,7:24 PM,5:13,,,McDaniels REBOUND (Off:2 Def:2),,,5,1630183,Jaden McDaniels,1610612750.0,Minnesota,Timberwolves,MIN,0,0,,,,,,0,0,,,,,,1
68,0022000776,88,1,108,1,7:24 PM,5:06,,,Towns 2' Cutting Dunk Shot (3 PTS) (Russell 1 AST),17 - 15,-2,5,1626157,Karl-Anthony Towns,1610612750.0,Minnesota,Timberwolves,MIN,5,1626156,D'Angelo Russell,1610612750.0,Minnesota,Timberwolves,MIN,0,0,,,,,,1
69,0022000776,90,1,75,1,7:24 PM,4:53,McDermott 1' Driving Finger Roll Layup (4 PTS) (Bitadze 1 AST),,,17 - 17,TIE,4,203926,Doug McDermott,1610612754.0,Indiana,Pacers,IND,4,1629048,Goga Bitadze,1610612754.0,Indiana,Pacers,IND,0,0,,,,,,1
70,0022000776,92,2,44,1,7:25 PM,4:43,,,MISS Edwards 1' Reverse Layup,,,5,1630162,Anthony Edwards,1610612750.0,Minnesota,Timberwolves,MIN,0,0,,,,,,0,0,,,,,,1
71,0022000776,93,4,0,1,7:25 PM,4:39,McDermott REBOUND (Off:0 Def:2),,,,,4,203926,Doug McDermott,1610612754.0,Indiana,Pacers,IND,0,0,,,,,,0,0,,,,,,1
72,0022000776,94,5,1,1,7:25 PM,4:37,McDermott Bad Pass Turnover (P1.T1),,Rubio STEAL (1 STL),,,4,203926,Doug McDermott,1610612754.0,Indiana,Pacers,IND,5,201937,Ricky Rubio,1610612750.0,Minnesota,Timberwolves,MIN,0,0,,,,,,1
73,0022000776,96,1,5,1,7:25 PM,4:27,,,Towns 1' Layup (5 PTS) (McDaniels 1 AST),19 - 17,-2,5,1626157,Karl-Anthony Towns,1610612750.0,Minnesota,Timberwolves,MIN,5,1630183,Jaden McDaniels,1610612750.0,Minnesota,Timberwolves,MIN,0,0,,,,,,1
74,0022000776,98,6,2,1,7:25 PM,4:27,Bitadze S.FOUL (P2.T4) (J.Tiven),,,,,4,1629048,Goga Bitadze,1610612754.0,Indiana,Pacers,IND,5,1626157,Karl-Anthony Towns,1610612750.0,Minnesota,Timberwolves,MIN,1,0,,,,,,1
75,0022000776,100,8,0,1,7:25 PM,4:27,SUB: McConnell FOR Sumner,,,,,4,1628410,Edmond Sumner,1610612754.0,Indiana,Pacers,IND,4,204456,T.J. McConnell,1610612754.0,Indiana,Pacers,IND,0,0,,,,,,0
76,0022000776,101,8,0,1,7:25 PM,4:27,SUB: Sampson FOR Bitadze,,,,,4,1629048,Goga Bitadze,1610612754.0,Indiana,Pacers,IND,4,203960,JaKarr Sampson,1610612754.0,Indiana,Pacers,IND,0,0,,,,,,0
77,0022000776,102,8,0,1,7:25 PM,4:27,,,SUB: McLaughlin FOR Rubio,,,5,201937,Ricky Rubio,1610612750.0,Minnesota,Timberwolves,MIN,5,1629162,Jordan McLaughlin,1610612750.0,Minnesota,Timberwolves,MIN,0,0,,,,,,0
78,0022000776,106,3,10,1,7:26 PM,4:27,,,Towns Free Throw 1 of 1 (6 PTS),20 - 17,-3,5,1626157,Karl-Anthony Towns,1610612750.0,Minnesota,Timberwolves,MIN,0,0,,,,,,0,0,,,,,,1
79,0022000776,107,2,71,1,7:26 PM,4:15,MISS Sampson 2' Finger Roll Layup,,,,,4,203960,JaKarr Sampson,1610612754.0,Indiana,Pacers,IND,0,0,,,,,,0,0,,,,,,1
80,0022000776,108,4,0,1,7:26 PM,4:15,PACERS Rebound,,,,,2,1610612754,,,,,,0,0,,,,,,0,0,,,,,,0
81,0022000776,110,1,98,1,7:26 PM,4:12,LeVert 2' Cutting Layup Shot (8 PTS) (McConnell 1 AST),,,20 - 19,-1,4,1627747,Caris LeVert,1610612754.0,Indiana,Pacers,IND,4,204456,T.J. McConnell,1610612754.0,Indiana,Pacers,IND,0,0,,,,,,1
82,0022000776,112,1,63,1,7:26 PM,3:59,,,Russell 19' Fadeaway Jumper (2 PTS),22 - 19,-3,5,1626156,D'Angelo Russell,1610612750.0,Minnesota,Timberwolves,MIN,0,0,,,,,,0,0,,,,,,1
83,0022000776,113,1,75,1,7:27 PM,3:46,McDermott 1' Driving Finger Roll Layup (6 PTS) (McConnell 2 AST),,,22 - 21,-1,4,203926,Doug McDermott,1610612754.0,Indiana,Pacers,IND,4,204456,T.J. McConnell,1610612754.0,Indiana,Pacers,IND,0,0,,,,,,1
84,0022000776,115,5,1,1,7:27 PM,3:26,LeVert STEAL (1 STL),,Towns Bad Pass Turnover (P2.T3),,,5,1626157,Karl-Anthony Towns,1610612750.0,Minnesota,Timberwolves,MIN,4,1627747,Caris LeVert,1610612754.0,Indiana,Pacers,IND,0,0,,,,,,1
85,0022000776,117,1,1,1,7:27 PM,3:20,Holiday 26' 3PT Jump Shot (5 PTS) (McConnell 3 AST),,,22 - 24,2,4,203200,Justin Holiday,1610612754.0,Indiana,Pacers,IND,4,204456,T.J. McConnell,1610612754.0,Indiana,Pacers,IND,0,0,,,,,,1
86,0022000776,119,9,1,1,7:27 PM,3:11,,,Timberwolves Timeout: Regular (Reg.1 Short 0),,,3,1610612750,,,,,,0,0,,,,,,0,0,,,,,,0
87,0022000776,120,8,0,1,7:30 PM,3:11,,,SUB: Culver FOR Edwards,,,5,1630162,Anthony Edwards,1610612750.0,Minnesota,Timberwolves,MIN,5,1629633,Jarrett Culver,1610612750.0,Minnesota,Timberwolves,MIN,0,0,,,,,,0
88,0022000776,121,8,0,1,7:30 PM,3:11,,,SUB: Hernangomez FOR McDaniels,,,5,1630183,Jaden McDaniels,1610612750.0,Minnesota,Timberwolves,MIN,5,1627823,Juancho Hernangomez,1610612750.0,Minnesota,Timberwolves,MIN,0,0,,,,,,0
89,0022000776,124,5,4,1,7:30 PM,3:06,,,Hernangomez Traveling Turnover (P1.T4),,,5,1627823,Juancho Hernangomez,1610612750.0,Minnesota,Timberwolves,MIN,0,0,,,,,,1,0,,,,,,1
90,0022000776,125,2,5,1,7:30 PM,2:55,MISS Holiday 1' Layup,,,,,4,203200,Justin Holiday,1610612754.0,Indiana,Pacers,IND,0,0,,,,,,0,0,,,,,,1
91,0022000776,126,4,0,1,7:30 PM,2:53,Sampson REBOUND (Off:1 Def:0),,,,,4,203960,JaKarr Sampson,1610612754.0,Indiana,Pacers,IND,0,0,,,,,,0,0,,,,,,1
92,0022000776,127,6,2,1,7:31 PM,2:52,,,Towns S.FOUL (P1.T2) (J.Tiven),,,5,1626157,Karl-Anthony Towns,1610612750.0,Minnesota,Timberwolves,MIN,4,203960,JaKarr Sampson,1610612754.0,Indiana,Pacers,IND,1,0,,,,,,1
93,0022000776,129,3,11,1,7:31 PM,2:52,Sampson Free Throw 1 of 2 (1 PTS),,,22 - 25,3,4,203960,JaKarr Sampson,1610612754.0,Indiana,Pacers,IND,0,0,,,,,,0,0,,,,,,1
94,0022000776,130,8,0,1,7:31 PM,2:52,SUB: Holiday FOR McDermott,,,,,4,203926,Doug McDermott,1610612754.0,Indiana,Pacers,IND,4,1628988,Aaron Holiday,1610612754.0,Indiana,Pacers,IND,0,0,,,,,,0
95,0022000776,131,8,0,1,7:31 PM,2:52,,,SUB: Reid FOR Towns,,,5,1626157,Karl-Anthony Towns,1610612750.0,Minnesota,Timberwolves,MIN,5,1629675,Naz Reid,1610612750.0,Minnesota,Timberwolves,MIN,0,0,,,,,,0
96,0022000776,134,3,12,1,7:31 PM,2:52,MISS Sampson Free Throw 2 of 2,,,,,4,203960,JaKarr Sampson,1610612754.0,Indiana,Pacers,IND,0,0,,,,,,0,0,,,,,,1
97,0022000776,135,4,0,1,7:31 PM,2:50,,,Hernangomez REBOUND (Off:0 Def:1),,,5,1627823,Juancho Hernangomez,1610612750.0,Minnesota,Timberwolves,MIN,0,0,,,,,,0,0,,,,,,1
98,0022000776,136,1,1,1,7:31 PM,2:35,,,Culver 3PT Jump Shot (3 PTS) (Russell 2 AST),25 - 25,TIE,5,1629633,Jarrett Culver,1610612750.0,Minnesota,Timberwolves,MIN,5,1626156,D'Angelo Russell,1610612750.0,Minnesota,Timberwolves,MIN,0,0,,,,,,1
99,0022000776,138,6,2,1,7:32 PM,2:17,,,Reid S.FOUL (P1.T3) (S.Wall),,,5,1629675,Naz Reid,1610612750.0,Minnesota,Timberwolves,MIN,4,203960,JaKarr Sampson,1610612754.0,Indiana,Pacers,IND,1,0,,,,,,1
100,0022000776,140,3,13,1,7:32 PM,2:17,Sampson Free Throw 1 of 3 (2 PTS),,,25 - 26,1,4,203960,JaKarr Sampson,1610612754.0,Indiana,Pacers,IND,0,0,,,,,,0,0,,,,,,1
101,0022000776,141,3,14,1,7:32 PM,2:17,Sampson Free Throw 2 of 3 (3 PTS),,,25 - 27,2,4,203960,JaKarr Sampson,1610612754.0,Indiana,Pacers,IND,0,0,,,,,,0,0,,,,,,1
102,0022000776,142,8,0,1,7:33 PM,2:17,SUB: Lamb FOR LeVert,,,,,4,1627747,Caris LeVert,1610612754.0,Indiana,Pacers,IND,4,203087,Jeremy Lamb,1610612754.0,Indiana,Pacers,IND,0,0,,,,,,0
103,0022000776,144,3,15,1,7:33 PM,2:17,Sampson Free Throw 3 of 3 (4 PTS),,,25 - 28,3,4,203960,JaKarr Sampson,1610612754.0,Indiana,Pacers,IND,0,0,,,,,,0,0,,,,,,1
104,0022000776,145,1,9,1,7:33 PM,2:06,,,Reid 1' Driving Dunk (2 PTS) (McLaughlin 1 AST),27 - 28,1,5,1629675,Naz Reid,1610612750.0,Minnesota,Timberwolves,MIN,5,1629162,Jordan McLaughlin,1610612750.0,Minnesota,Timberwolves,MIN,0,0,,,,,,1
105,0022000776,147,2,75,1,7:33 PM,1:49,MISS Holiday 1' Driving Finger Roll Layup,,,,,4,203200,Justin Holiday,1610612754.0,Indiana,Pacers,IND,0,0,,,,,,0,0,,,,,,1
106,0022000776,148,4,0,1,7:33 PM,1:47,,,Reid REBOUND (Off:0 Def:1),,,5,1629675,Naz Reid,1610612750.0,Minnesota,Timberwolves,MIN,0,0,,,,,,0,0,,,,,,1
107,0022000776,149,1,76,1,7:33 PM,1:41,,,Russell 2' Running Finger Roll Layup (4 PTS),29 - 28,-1,5,1626156,D'Angelo Russell,1610612750.0,Minnesota,Timberwolves,MIN,0,0,,,,,,0,0,,,,,,1
108,0022000776,150,5,13,1,7:34 PM,1:30,McConnell Backcourt Turnover (P1.T2),,,,,4,204456,T.J. McConnell,1610612754.0,Indiana,Pacers,IND,0,0,,,,,,1,0,,,,,,1
109,0022000776,151,8,0,1,7:34 PM,1:30,SUB: Martin FOR Holiday,,,,,4,203200,Justin Holiday,1610612754.0,Indiana,Pacers,IND,4,1629103,Kelan Martin,1610612754.0,Indiana,Pacers,IND,0,0,,,,,,0
110,0022000776,153,1,75,1,7:34 PM,1:18,,,Culver Driving Finger Roll Layup (5 PTS) (Hernangomez 1 AST),31 - 28,-3,5,1629633,Jarrett Culver,1610612750.0,Minnesota,Timberwolves,MIN,5,1627823,Juancho Hernangomez,1610612750.0,Minnesota,Timberwolves,MIN,0,0,,,,,,1
111,0022000776,155,6,2,1,7:34 PM,1:07,,,Culver S.FOUL (P1.T4) (J.Tiven),,,5,1629633,Jarrett Culver,1610612750.0,Minnesota,Timberwolves,MIN,4,203087,Jeremy Lamb,1610612754.0,Indiana,Pacers,IND,1,0,,,,,,1
112,0022000776,157,3,11,1,7:35 PM,1:07,Lamb Free Throw 1 of 2 (1 PTS),,,31 - 29,-2,4,203087,Jeremy Lamb,1610612754.0,Indiana,Pacers,IND,0,0,,,,,,0,0,,,,,,1
113,0022000776,158,3,12,1,7:35 PM,1:07,Lamb Free Throw 2 of 2 (2 PTS),,,31 - 30,-1,4,203087,Jeremy Lamb,1610612754.0,Indiana,Pacers,IND,0,0,,,,,,0,0,,,,,,1
114,0022000776,159,2,79,1,7:35 PM,0:57,,,MISS Russell 27' 3PT Pullup Jump Shot,,,5,1626156,D'Angelo Russell,1610612750.0,Minnesota,Timberwolves,MIN,0,0,,,,,,0,0,,,,,,1
115,0022000776,160,4,0,1,7:35 PM,0:54,Martin REBOUND (Off:0 Def:1),,,,,4,1629103,Kelan Martin,1610612754.0,Indiana,Pacers,IND,0,0,,,,,,0,0,,,,,,1
116,0022000776,161,1,86,1,7:35 PM,0:46,McConnell 5' Turnaround Fadeaway (2 PTS),,,31 - 32,1,4,204456,T.J. McConnell,1610612754.0,Indiana,Pacers,IND,0,0,,,,,,0,0,,,,,,1
117,0022000776,162,5,2,1,7:36 PM,0:28,Martin STEAL (1 STL),,Culver Lost Ball Turnover (P1.T5),,,5,1629633,Jarrett Culver,1610612750.0,Minnesota,Timberwolves,MIN,4,1629103,Kelan Martin,1610612754.0,Indiana,Pacers,IND,0,0,,,,,,1
118,0022000776,164,1,76,1,7:36 PM,0:25,Martin 1' Running Finger Roll Layup (2 PTS),,,31 - 34,3,4,1629103,Kelan Martin,1610612754.0,Indiana,Pacers,IND,0,0,,,,,,0,0,,,,,,1
119,0022000776,165,6,2,1,7:36 PM,0:25,,,Russell S.FOUL (P1.PN) (S.Wall),,,5,1626156,D'Angelo Russell,1610612750.0,Minnesota,Timberwolves,MIN,4,1629103,Kelan Martin,1610612754.0,Indiana,Pacers,IND,1,0,,,,,,1
120,0022000776,167,3,10,1,7:36 PM,0:25,Martin Free Throw 1 of 1 (3 PTS),,,31 - 35,4,4,1629103,Kelan Martin,1610612754.0,Indiana,Pacers,IND,0,0,,,,,,0,0,,,,,,1
121,0022000776,168,2,79,1,7:37 PM,0:02,,,MISS Russell 3PT Pullup Jump Shot,,,5,1626156,D'Angelo Russell,1610612750.0,Minnesota,Timberwolves,MIN,0,0,,,,,,0,0,,,,,,1
122,0022000776,169,4,0,1,7:37 PM,0:02,,,Timberwolves Rebound,,,3,1610612750,,,,,,0,0,,,,,,0,0,,,,,,0
123,0022000776,170,13,0,1,7:37 PM,0:00,,End of 1st Period (7:37 PM EST),,31 - 35,4,0,0,,,,,,0,0,,,,,,0,0,,,,,,1
124,0022000776,173,12,0,2,7:40 PM,12:00,,Start of 2nd Period (7:40 PM EST),,31 - 35,4,0,0,,,,,,0,0,,,,,,0,0,,,,,,0
125,0022000776,174,5,40,2,7:40 PM,11:50,McConnell Out of Bounds Lost Ball Turnover (P2.T3),,,,,4,204456,T.J. McConnell,1610612754.0,Indiana,Pacers,IND,0,0,,,,,,1,0,,,,,,1
126,0022000776,175,2,76,2,7:40 PM,11:45,,,MISS McLaughlin 2' Running Finger Roll Layup,,,5,1629162,Jordan McLaughlin,1610612750.0,Minnesota,Timberwolves,MIN,0,0,,,,,,0,0,,,,,,1
127,0022000776,176,4,0,2,7:40 PM,11:42,,,Reid REBOUND (Off:1 Def:1),,,5,1629675,Naz Reid,1610612750.0,Minnesota,Timberwolves,MIN,0,0,,,,,,0,0,,,,,,1
128,0022000776,177,2,97,2,7:40 PM,11:42,,,MISS Reid Tip Layup Shot,,,5,1629675,Naz Reid,1610612750.0,Minnesota,Timberwolves,MIN,0,0,,,,,,0,0,,,,,,1
129,0022000776,178,4,0,2,7:40 PM,11:41,Sampson REBOUND (Off:1 Def:1),,,,,4,203960,JaKarr Sampson,1610612754.0,Indiana,Pacers,IND,0,0,,,,,,0,0,,,,,,1
130,0022000776,179,1,5,2,7:40 PM,11:32,Sampson 1' Layup (6 PTS) (Holiday 1 AST),,,31 - 37,6,4,203960,JaKarr Sampson,1610612754.0,Indiana,Pacers,IND,4,1628988,Aaron Holiday,1610612754.0,Indiana,Pacers,IND,0,0,,,,,,1
131,0022000776,181,1,1,2,7:40 PM,11:14,,,Reid 27' 3PT Jump Shot (5 PTS) (Edwards 2 AST),34 - 37,3,5,1629675,Naz Reid,1610612750.0,Minnesota,Timberwolves,MIN,5,1630162,Anthony Edwards,1610612750.0,Minnesota,Timberwolves,MIN,0,0,,,,,,1
132,0022000776,183,1,79,2,7:41 PM,11:06,Holiday 27' 3PT Pullup Jump Shot (3 PTS),,,34 - 40,6,4,1628988,Aaron Holiday,1610612754.0,Indiana,Pacers,IND,0,0,,,,,,0,0,,,,,,1
133,0022000776,184,6,2,2,7:41 PM,10:44,Lamb S.FOUL (P1.T1) (S.Wall),,,,,4,203087,Jeremy Lamb,1610612754.0,Indiana,Pacers,IND,5,1627823,Juancho Hernangomez,1610612750.0,Minnesota,Timberwolves,MIN,1,0,,,,,,1
134,0022000776,186,3,11,2,7:41 PM,10:44,,,MISS Hernangomez Free Throw 1 of 2,,,5,1627823,Juancho Hernangomez,1610612750.0,Minnesota,Timberwolves,MIN,0,0,,,,,,0,0,,,,,,1
135,0022000776,187,4,1,2,7:41 PM,10:44,,,Timberwolves Rebound,,,3,1610612750,,,,,,0,0,,,,,,0,0,,,,,,0
136,0022000776,188,8,0,2,7:41 PM,10:44,,,SUB: Layman FOR Culver,,,5,1629633,Jarrett Culver,1610612750.0,Minnesota,Timberwolves,MIN,5,1627774,Jake Layman,1610612750.0,Minnesota,Timberwolves,MIN,0,0,,,,,,0
137,0022000776,190,3,12,2,7:42 PM,10:44,,,Hernangomez Free Throw 2 of 2 (1 PTS),35 - 40,5,5,1627823,Juancho Hernangomez,1610612750.0,Minnesota,Timberwolves,MIN,0,0,,,,,,0,0,,,,,,1
138,0022000776,191,1,79,2,7:42 PM,10:31,Holiday 19' Pullup Jump Shot (5 PTS),,,35 - 42,7,4,1628988,Aaron Holiday,1610612754.0,Indiana,Pacers,IND,0,0,,,,,,0,0,,,,,,1
139,0022000776,192,5,1,2,7:42 PM,10:18,McConnell STEAL (1 STL),,Edwards Bad Pass Turnover (P1.T6),,,5,1630162,Anthony Edwards,1610612750.0,Minnesota,Timberwolves,MIN,4,204456,T.J. McConnell,1610612754.0,Indiana,Pacers,IND,0,0,,,,,,1
140,0022000776,194,1,50,2,7:42 PM,10:14,Sampson 1' Running Dunk (8 PTS) (McConnell 4 AST),,,35 - 44,9,4,203960,JaKarr Sampson,1610612754.0,Indiana,Pacers,IND,4,204456,T.J. McConnell,1610612754.0,Indiana,Pacers,IND,0,0,,,,,,1
141,0022000776,196,6,2,2,7:43 PM,10:01,Sampson S.FOUL (P1.T2) (J.Tiven),,,,,4,203960,JaKarr Sampson,1610612754.0,Indiana,Pacers,IND,5,1630162,Anthony Edwards,1610612750.0,Minnesota,Timberwolves,MIN,1,0,,,,,,1
142,0022000776,198,3,11,2,7:43 PM,10:01,,,MISS Edwards Free Throw 1 of 2,,,5,1630162,Anthony Edwards,1610612750.0,Minnesota,Timberwolves,MIN,0,0,,,,,,0,0,,,,,,0
143,0022000776,199,4,1,2,7:43 PM,10:01,,,Timberwolves Rebound,,,3,1610612750,,,,,,0,0,,,,,,0,0,,,,,,0
144,0022000776,200,3,12,2,7:43 PM,10:01,,,Edwards Free Throw 2 of 2 (4 PTS),36 - 44,8,5,1630162,Anthony Edwards,1610612750.0,Minnesota,Timberwolves,MIN,0,0,,,,,,0,0,,,,,,1
145,0022000776,201,1,101,2,7:43 PM,9:48,Lamb 7' Driving Floating Jump Shot (4 PTS) (Holiday 2 AST),,,36 - 46,10,4,203087,Jeremy Lamb,1610612754.0,Indiana,Pacers,IND,4,1628988,Aaron Holiday,1610612754.0,Indiana,Pacers,IND,0,0,,,,,,1
146,0022000776,203,6,1,2,7:44 PM,9:29,Sampson P.FOUL (P2.T3) (D.Scott),,,,,4,203960,JaKarr Sampson,1610612754.0,Indiana,Pacers,IND,5,1630162,Anthony Edwards,1610612750.0,Minnesota,Timberwolves,MIN,1,0,,,,,,1
147,0022000776,205,8,0,2,7:44 PM,9:29,,,SUB: Rubio FOR Hernangomez,,,5,1627823,Juancho Hernangomez,1610612750.0,Minnesota,Timberwolves,MIN,5,201937,Ricky Rubio,1610612750.0,Minnesota,Timberwolves,MIN,0,0,,,,,,0
148,0022000776,207,8,0,2,7:44 PM,9:29,SUB: Brissett FOR Sampson,,,,,4,203960,JaKarr Sampson,1610612754.0,Indiana,Pacers,IND,4,1629052,Oshae Brissett,1610612754.0,Indiana,Pacers,IND,0,0,,,,,,0
149,0022000776,209,1,73,2,7:44 PM,9:21,,,Edwards 1' Driving Reverse Layup (6 PTS),38 - 46,8,5,1630162,Anthony Edwards,1610612750.0,Minnesota,Timberwolves,MIN,0,0,,,,,,0,0,,,,,,1
150,0022000776,210,2,1,2,7:45 PM,9:08,MISS Brissett 26' 3PT Jump Shot,,,,,4,1629052,Oshae Brissett,1610612754.0,Indiana,Pacers,IND,0,0,,,,,,0,0,,,,,,1
151,0022000776,211,4,0,2,7:45 PM,9:03,,,Rubio REBOUND (Off:0 Def:3),,,5,201937,Ricky Rubio,1610612750.0,Minnesota,Timberwolves,MIN,0,0,,,,,,0,0,,,,,,1
152,0022000776,212,2,6,2,7:45 PM,8:58,,,MISS Edwards 1' Driving Layup,,,5,1630162,Anthony Edwards,1610612750.0,Minnesota,Timberwolves,MIN,0,0,,,,,,0,0,,,,,,1
153,0022000776,213,4,0,2,7:45 PM,8:56,Brissett REBOUND (Off:0 Def:1),,,,,4,1629052,Oshae Brissett,1610612754.0,Indiana,Pacers,IND,0,0,,,,,,0,0,,,,,,1
154,0022000776,214,6,2,2,7:45 PM,8:51,,,McLaughlin S.FOUL (P1.T1) (D.Scott),,,5,1629162,Jordan McLaughlin,1610612750.0,Minnesota,Timberwolves,MIN,4,1628988,Aaron Holiday,1610612754.0,Indiana,Pacers,IND,1,0,,,,,,1
155,0022000776,216,3,11,2,7:45 PM,8:51,Holiday Free Throw 1 of 2 (6 PTS),,,38 - 47,9,4,1628988,Aaron Holiday,1610612754.0,Indiana,Pacers,IND,0,0,,,,,,0,0,,,,,,1
156,0022000776,217,8,0,2,7:45 PM,8:51,,,SUB: Towns FOR Reid,,,5,1629675,Naz Reid,1610612750.0,Minnesota,Timberwolves,MIN,5,1626157,Karl-Anthony Towns,1610612750.0,Minnesota,Timberwolves,MIN,0,0,,,,,,0
157,0022000776,219,3,12,2,7:46 PM,8:51,Holiday Free Throw 2 of 2 (7 PTS),,,38 - 48,10,4,1628988,Aaron Holiday,1610612754.0,Indiana,Pacers,IND,0,0,,,,,,0,0,,,,,,1
158,0022000776,220,1,98,2,7:46 PM,8:35,,,Layman 1' Cutting Layup Shot (4 PTS) (Towns 2 AST),40 - 48,8,5,1627774,Jake Layman,1610612750.0,Minnesota,Timberwolves,MIN,5,1626157,Karl-Anthony Towns,1610612750.0,Minnesota,Timberwolves,MIN,0,0,,,,,,1
159,0022000776,222,1,75,2,7:46 PM,8:22,Holiday 2' Driving Finger Roll Layup (9 PTS) (Martin 1 AST),,,40 - 50,10,4,1628988,Aaron Holiday,1610612754.0,Indiana,Pacers,IND,4,1629103,Kelan Martin,1610612754.0,Indiana,Pacers,IND,0,0,,,,,,1
160,0022000776,224,1,73,2,7:47 PM,8:08,,,Edwards 1' Driving Reverse Layup (8 PTS),42 - 50,8,5,1630162,Anthony Edwards,1610612750.0,Minnesota,Timberwolves,MIN,0,0,,,,,,0,0,,,,,,1
161,0022000776,225,5,2,2,7:47 PM,7:59,Martin Lost Ball Turnover (P1.T4),,Edwards STEAL (1 STL),,,4,1629103,Kelan Martin,1610612754.0,Indiana,Pacers,IND,5,1630162,Anthony Edwards,1610612750.0,Minnesota,Timberwolves,MIN,0,0,,,,,,1
162,0022000776,227,1,41,2,7:47 PM,7:54,,,McLaughlin 1' Running Layup (2 PTS) (Layman 1 AST),44 - 50,6,5,1629162,Jordan McLaughlin,1610612750.0,Minnesota,Timberwolves,MIN,5,1627774,Jake Layman,1610612750.0,Minnesota,Timberwolves,MIN,0,0,,,,,,1
163,0022000776,228,7,2,2,7:47 PM,7:54,Martin Violation:Defensive Goaltending (S.Wall),,,,,4,1629103,Kelan Martin,1610612754.0,Indiana,Pacers,IND,0,0,,,,,,1,0,,,,,,1
164,0022000776,229,1,80,2,7:47 PM,7:44,Holiday 26' 3PT Step Back Jump Shot (12 PTS) (McConnell 5 AST),,,44 - 53,9,4,1628988,Aaron Holiday,1610612754.0,Indiana,Pacers,IND,4,204456,T.J. McConnell,1610612754.0,Indiana,Pacers,IND,0,0,,,,,,1
165,0022000776,232,8,0,2,7:47 PM,7:28,,,SUB: McDaniels FOR McLaughlin,,,5,1629162,Jordan McLaughlin,1610612750.0,Minnesota,Timberwolves,MIN,5,1630183,Jaden McDaniels,1610612750.0,Minnesota,Timberwolves,MIN,0,0,,,,,,0
166,0022000776,234,8,0,2,7:48 PM,7:28,SUB: Bitadze FOR Brissett,,,,,4,1629052,Oshae Brissett,1610612754.0,Indiana,Pacers,IND,4,1629048,Goga Bitadze,1610612754.0,Indiana,Pacers,IND,0,0,,,,,,0
167,0022000776,236,2,79,2,7:48 PM,7:22,,,MISS Rubio 19' Pullup Jump Shot,,,5,201937,Ricky Rubio,1610612750.0,Minnesota,Timberwolves,MIN,0,0,,,,,,0,0,,,,,,1
168,0022000776,237,4,0,2,7:48 PM,7:19,Martin REBOUND (Off:0 Def:2),,,,,4,1629103,Kelan Martin,1610612754.0,Indiana,Pacers,IND,0,0,,,,,,0,0,,,,,,1
169,0022000776,238,6,2,2,7:48 PM,7:13,,,Towns S.FOUL (P2.T2) (J.Tiven),,,5,1626157,Karl-Anthony Towns,1610612750.0,Minnesota,Timberwolves,MIN,4,1628988,Aaron Holiday,1610612754.0,Indiana,Pacers,IND,1,0,,,,,,1
170,0022000776,240,3,11,2,7:48 PM,7:13,Holiday Free Throw 1 of 2 (13 PTS),,,44 - 54,10,4,1628988,Aaron Holiday,1610612754.0,Indiana,Pacers,IND,0,0,,,,,,0,0,,,,,,1
171,0022000776,241,3,12,2,7:49 PM,7:13,Holiday Free Throw 2 of 2 (14 PTS),,,44 - 55,11,4,1628988,Aaron Holiday,1610612754.0,Indiana,Pacers,IND,0,0,,,,,,0,0,,,,,,1
172,0022000776,242,6,1,2,7:49 PM,6:57,Martin P.FOUL (P1.T4) (J.Tiven),,,,,4,1629103,Kelan Martin,1610612754.0,Indiana,Pacers,IND,5,1630162,Anthony Edwards,1610612750.0,Minnesota,Timberwolves,MIN,1,0,,,,,,1
173,0022000776,244,9,1,2,7:49 PM,6:57,PACERS Timeout: Regular (Full 2 Short 0),,,,,2,1610612754,,,,,,0,0,,,,,,0,0,,,,,,0
174,0022000776,246,5,11,2,7:52 PM,6:43,,,Timberwolves Turnover: Shot Clock (T#7),,,3,1610612750,,,,,,0,0,,,,,,0,0,,,,,,0
175,0022000776,247,1,73,2,7:53 PM,6:36,McConnell Driving Reverse Layup (4 PTS),,,44 - 57,13,4,204456,T.J. McConnell,1610612754.0,Indiana,Pacers,IND,0,0,,,,,,0,0,,,,,,1
176,0022000776,248,2,5,2,7:53 PM,6:24,Lamb BLOCK (1 BLK),,MISS Layman 1' Layup,,,5,1627774,Jake Layman,1610612750.0,Minnesota,Timberwolves,MIN,0,0,,,,,,4,203087,Jeremy Lamb,1610612754.0,Indiana,Pacers,IND,1
177,0022000776,250,4,0,2,7:53 PM,6:24,Martin REBOUND (Off:0 Def:3),,,,,4,1629103,Kelan Martin,1610612754.0,Indiana,Pacers,IND,0,0,,,,,,0,0,,,,,,1
178,0022000776,251,2,1,2,7:53 PM,6:18,MISS Lamb 28' 3PT Jump Shot,,,,,4,203087,Jeremy Lamb,1610612754.0,Indiana,Pacers,IND,0,0,,,,,,0,0,,,,,,1
179,0022000776,252,4,0,2,7:53 PM,6:15,,,Layman REBOUND (Off:0 Def:1),,,5,1627774,Jake Layman,1610612750.0,Minnesota,Timberwolves,MIN,0,0,,,,,,0,0,,,,,,1
180,0022000776,254,8,0,2,7:53 PM,6:04,,,SUB: Culver FOR Layman,,,5,1627774,Jake Layman,1610612750.0,Minnesota,Timberwolves,MIN,5,1629633,Jarrett Culver,1610612750.0,Minnesota,Timberwolves,MIN,0,0,,,,,,0
181,0022000776,256,1,47,2,7:54 PM,5:57,,,Towns 10' Turnaround Jump Shot (8 PTS),46 - 57,11,5,1626157,Karl-Anthony Towns,1610612750.0,Minnesota,Timberwolves,MIN,0,0,,,,,,0,0,,,,,,1
182,0022000776,257,2,101,2,7:54 PM,5:41,MISS Holiday 12' Driving Floating Jump Shot,,,,,4,1628988,Aaron Holiday,1610612754.0,Indiana,Pacers,IND,0,0,,,,,,0,0,,,,,,1
183,0022000776,258,4,0,2,7:54 PM,5:39,,,Towns REBOUND (Off:2 Def:3),,,5,1626157,Karl-Anthony Towns,1610612750.0,Minnesota,Timberwolves,MIN,0,0,,,,,,0,0,,,,,,1
184,0022000776,259,2,76,2,7:54 PM,5:34,Lamb BLOCK (2 BLK),,MISS Rubio 1' Running Finger Roll Layup,,,5,201937,Ricky Rubio,1610612750.0,Minnesota,Timberwolves,MIN,0,0,,,,,,4,203087,Jeremy Lamb,1610612754.0,Indiana,Pacers,IND,1
185,0022000776,261,4,0,2,7:54 PM,5:31,Lamb REBOUND (Off:0 Def:1),,,,,4,203087,Jeremy Lamb,1610612754.0,Indiana,Pacers,IND,0,0,,,,,,0,0,,,,,,1
186,0022000776,262,1,108,2,7:54 PM,5:27,Bitadze 2' Cutting Dunk Shot (7 PTS) (McConnell 6 AST),,,46 - 59,13,4,1629048,Goga Bitadze,1610612754.0,Indiana,Pacers,IND,4,204456,T.J. McConnell,1610612754.0,Indiana,Pacers,IND,0,0,,,,,,1
187,0022000776,264,6,4,2,7:54 PM,5:12,,,Towns OFF.Foul (P3) (S.Wall),,,5,1626157,Karl-Anthony Towns,1610612750.0,Minnesota,Timberwolves,MIN,4,204456,T.J. McConnell,1610612754.0,Indiana,Pacers,IND,1,0,,,,,,1
188,0022000776,266,5,37,2,7:54 PM,5:12,,,Towns Offensive Foul Turnover (P3.T8),,,5,1626157,Karl-Anthony Towns,1610612750.0,Minnesota,Timberwolves,MIN,0,0,,,,,,1,0,,,,,,1
189,0022000776,267,8,0,2,7:54 PM,5:12,,,SUB: Russell FOR Edwards,,,5,1630162,Anthony Edwards,1610612750.0,Minnesota,Timberwolves,MIN,5,1626156,D'Angelo Russell,1610612750.0,Minnesota,Timberwolves,MIN,0,0,,,,,,0
190,0022000776,269,8,0,2,7:55 PM,5:12,SUB: LeVert FOR Martin,,,,,4,1629103,Kelan Martin,1610612754.0,Indiana,Pacers,IND,4,1627747,Caris LeVert,1610612754.0,Indiana,Pacers,IND,0,0,,,,,,0
191,0022000776,271,6,1,2,7:55 PM,5:03,,,McDaniels P.FOUL (P1.T3) (D.Scott),,,5,1630183,Jaden McDaniels,1610612750.0,Minnesota,Timberwolves,MIN,4,203087,Jeremy Lamb,1610612754.0,Indiana,Pacers,IND,1,0,,,,,,1
192,0022000776,273,2,1,2,7:55 PM,4:51,MISS LeVert 3PT Jump Shot,,,,,4,1627747,Caris LeVert,1610612754.0,Indiana,Pacers,IND,0,0,,,,,,0,0,,,,,,1
193,0022000776,274,4,0,2,7:55 PM,4:48,Bitadze REBOUND (Off:2 Def:0),,,,,4,1629048,Goga Bitadze,1610612754.0,Indiana,Pacers,IND,0,0,,,,,,0,0,,,,,,1
194,0022000776,275,1,97,2,7:55 PM,4:47,Bitadze 1' Tip Layup Shot (9 PTS),,,46 - 61,15,4,1629048,Goga Bitadze,1610612754.0,Indiana,Pacers,IND,0,0,,,,,,0,0,,,,,,1
195,0022000776,276,2,1,2,7:56 PM,4:30,,,MISS McDaniels 3PT Jump Shot,,,5,1630183,Jaden McDaniels,1610612750.0,Minnesota,Timberwolves,MIN,0,0,,,,,,0,0,,,,,,1
196,0022000776,277,4,0,2,7:56 PM,4:29,,,Timberwolves Rebound,,,3,1610612750,,,,,,0,0,,,,,,0,0,,,,,,0
197,0022000776,278,6,3,2,7:56 PM,4:29,Holiday L.B.FOUL (P1.PN) (S.Wall),,,,,4,1628988,Aaron Holiday,1610612754.0,Indiana,Pacers,IND,5,1629633,Jarrett Culver,1610612750.0,Minnesota,Timberwolves,MIN,1,0,,,,,,1
198,0022000776,280,3,11,2,7:56 PM,4:29,,,MISS Culver Free Throw 1 of 2,,,5,1629633,Jarrett Culver,1610612750.0,Minnesota,Timberwolves,MIN,0,0,,,,,,0,0,,,,,,1
199,0022000776,281,4,1,2,7:56 PM,4:29,,,Timberwolves Rebound,,,3,1610612750,,,,,,0,0,,,,,,0,0,,,,,,0
200,0022000776,282,3,12,2,7:56 PM,4:29,,,Culver Free Throw 2 of 2 (6 PTS),47 - 61,14,5,1629633,Jarrett Culver,1610612750.0,Minnesota,Timberwolves,MIN,0,0,,,,,,0,0,,,,,,1
201,0022000776,283,1,1,2,7:57 PM,4:18,Bitadze 26' 3PT Jump Shot (12 PTS) (Holiday 3 AST),,,47 - 64,17,4,1629048,Goga Bitadze,1610612754.0,Indiana,Pacers,IND,4,1628988,Aaron Holiday,1610612754.0,Indiana,Pacers,IND,0,0,,,,,,1
202,0022000776,285,2,79,2,7:57 PM,4:03,,,MISS Rubio 17' Pullup Jump Shot,,,5,201937,Ricky Rubio,1610612750.0,Minnesota,Timberwolves,MIN,0,0,,,,,,0,0,,,,,,1
203,0022000776,286,4,0,2,7:57 PM,3:59,,,Towns REBOUND (Off:3 Def:3),,,5,1626157,Karl-Anthony Towns,1610612750.0,Minnesota,Timberwolves,MIN,0,0,,,,,,0,0,,,,,,1
204,0022000776,287,1,72,2,7:57 PM,3:59,,,Towns Putback Layup (10 PTS),49 - 64,15,5,1626157,Karl-Anthony Towns,1610612750.0,Minnesota,Timberwolves,MIN,0,0,,,,,,0,0,,,,,,1
205,0022000776,288,2,75,2,7:57 PM,3:53,MISS Lamb 1' Driving Finger Roll Layup,,,,,4,203087,Jeremy Lamb,1610612754.0,Indiana,Pacers,IND,0,0,,,,,,0,0,,,,,,1
206,0022000776,289,4,0,2,7:57 PM,3:50,,,Towns REBOUND (Off:3 Def:4),,,5,1626157,Karl-Anthony Towns,1610612750.0,Minnesota,Timberwolves,MIN,0,0,,,,,,0,0,,,,,,1
207,0022000776,290,2,5,2,7:57 PM,3:46,,,MISS Culver 2' Layup,,,5,1629633,Jarrett Culver,1610612750.0,Minnesota,Timberwolves,MIN,0,0,,,,,,0,0,,,,,,1
208,0022000776,292,2,97,2,7:57 PM,3:43,,,MISS Culver Tip Layup Shot,,,5,1629633,Jarrett Culver,1610612750.0,Minnesota,Timberwolves,MIN,0,0,,,,,,0,0,,,,,,1
209,0022000776,291,4,0,2,7:57 PM,3:43,,,Culver REBOUND (Off:1 Def:0),,,5,1629633,Jarrett Culver,1610612750.0,Minnesota,Timberwolves,MIN,0,0,,,,,,0,0,,,,,,1
210,0022000776,293,4,0,2,7:57 PM,3:42,Bitadze REBOUND (Off:2 Def:1),,,,,4,1629048,Goga Bitadze,1610612754.0,Indiana,Pacers,IND,0,0,,,,,,0,0,,,,,,1
211,0022000776,294,1,63,2,7:57 PM,3:33,McConnell 9' Fadeaway Jumper (6 PTS),,,49 - 66,17,4,204456,T.J. McConnell,1610612754.0,Indiana,Pacers,IND,0,0,,,,,,0,0,,,,,,1
212,0022000776,295,6,2,2,7:58 PM,3:21,Holiday S.FOUL (P2.PN) (J.Tiven),,,,,4,1628988,Aaron Holiday,1610612754.0,Indiana,Pacers,IND,5,201937,Ricky Rubio,1610612750.0,Minnesota,Timberwolves,MIN,1,0,,,,,,1
213,0022000776,297,3,11,2,7:58 PM,3:21,,,Rubio Free Throw 1 of 2 (8 PTS),50 - 66,16,5,201937,Ricky Rubio,1610612750.0,Minnesota,Timberwolves,MIN,0,0,,,,,,0,0,,,,,,1
214,0022000776,298,8,0,2,7:58 PM,3:21,,,SUB: Reid FOR Towns,,,5,1626157,Karl-Anthony Towns,1610612750.0,Minnesota,Timberwolves,MIN,5,1629675,Naz Reid,1610612750.0,Minnesota,Timberwolves,MIN,0,0,,,,,,0
215,0022000776,300,3,12,2,7:58 PM,3:21,,,Rubio Free Throw 2 of 2 (9 PTS),51 - 66,15,5,201937,Ricky Rubio,1610612750.0,Minnesota,Timberwolves,MIN,0,0,,,,,,0,0,,,,,,1
216,0022000776,301,1,79,2,7:59 PM,2:59,Lamb 28' 3PT Pullup Jump Shot (7 PTS),,,51 - 69,18,4,203087,Jeremy Lamb,1610612754.0,Indiana,Pacers,IND,0,0,,,,,,0,0,,,,,,1
217,0022000776,302,2,78,2,7:59 PM,2:41,,,MISS Russell 6' Floating Jump Shot,,,5,1626156,D'Angelo Russell,1610612750.0,Minnesota,Timberwolves,MIN,0,0,,,,,,0,0,,,,,,1
218,0022000776,303,4,0,2,7:59 PM,2:39,,,Russell REBOUND (Off:1 Def:0),,,5,1626156,D'Angelo Russell,1610612750.0,Minnesota,Timberwolves,MIN,0,0,,,,,,0,0,,,,,,1
219,0022000776,304,2,1,2,7:59 PM,2:37,,,MISS Rubio 27' 3PT Jump Shot,,,5,201937,Ricky Rubio,1610612750.0,Minnesota,Timberwolves,MIN,0,0,,,,,,0,0,,,,,,1
220,0022000776,305,4,0,2,7:59 PM,2:33,Holiday REBOUND (Off:0 Def:1),,,,,4,1628988,Aaron Holiday,1610612754.0,Indiana,Pacers,IND,0,0,,,,,,0,0,,,,,,1
221,0022000776,306,2,1,2,7:59 PM,2:27,MISS LeVert 3PT Jump Shot,,,,,4,1627747,Caris LeVert,1610612754.0,Indiana,Pacers,IND,0,0,,,,,,0,0,,,,,,1
222,0022000776,307,4,0,2,7:59 PM,2:25,,,Reid REBOUND (Off:1 Def:2),,,5,1629675,Naz Reid,1610612750.0,Minnesota,Timberwolves,MIN,0,0,,,,,,0,0,,,,,,1
223,0022000776,308,2,78,2,7:59 PM,2:19,,,MISS Rubio 9' Floating Jump Shot,,,5,201937,Ricky Rubio,1610612750.0,Minnesota,Timberwolves,MIN,0,0,,,,,,0,0,,,,,,1
224,0022000776,309,4,0,2,7:59 PM,2:17,,,Reid REBOUND (Off:2 Def:2),,,5,1629675,Naz Reid,1610612750.0,Minnesota,Timberwolves,MIN,0,0,,,,,,0,0,,,,,,1
225,0022000776,310,1,72,2,7:59 PM,2:16,,,Reid 1' Putback Layup (7 PTS),53 - 69,16,5,1629675,Naz Reid,1610612750.0,Minnesota,Timberwolves,MIN,0,0,,,,,,0,0,,,,,,1
226,0022000776,311,1,6,2,8:00 PM,2:01,LeVert 2' Driving Layup (10 PTS) (Bitadze 2 AST),,,53 - 71,18,4,1627747,Caris LeVert,1610612754.0,Indiana,Pacers,IND,4,1629048,Goga Bitadze,1610612754.0,Indiana,Pacers,IND,0,0,,,,,,1
227,0022000776,313,9,1,2,8:00 PM,1:53,,,Timberwolves Timeout: Regular (Reg.2 Short 0),,,3,1610612750,,,,,,0,0,,,,,,0,0,,,,,,0
228,0022000776,314,8,0,2,8:02 PM,1:53,SUB: Sumner FOR Holiday,,,,,4,1628988,Aaron Holiday,1610612754.0,Indiana,Pacers,IND,4,1628410,Edmond Sumner,1610612754.0,Indiana,Pacers,IND,0,0,,,,,,0
229,0022000776,315,8,0,2,8:02 PM,1:53,SUB: Sampson FOR Bitadze,,,,,4,1629048,Goga Bitadze,1610612754.0,Indiana,Pacers,IND,4,203960,JaKarr Sampson,1610612754.0,Indiana,Pacers,IND,0,0,,,,,,0
230,0022000776,316,8,0,2,8:02 PM,1:53,,,SUB: McLaughlin FOR Rubio,,,5,201937,Ricky Rubio,1610612750.0,Minnesota,Timberwolves,MIN,5,1629162,Jordan McLaughlin,1610612750.0,Minnesota,Timberwolves,MIN,0,0,,,,,,0
231,0022000776,320,5,1,2,8:03 PM,1:50,McConnell STEAL (2 STL),,McDaniels Bad Pass Turnover (P2.T9),,,5,1630183,Jaden McDaniels,1610612750.0,Minnesota,Timberwolves,MIN,4,204456,T.J. McConnell,1610612754.0,Indiana,Pacers,IND,0,0,,,,,,1
232,0022000776,322,1,99,2,8:03 PM,1:47,Sumner 2' Cutting Finger Roll Layup Shot (2 PTS) (McConnell 7 AST),,,53 - 73,20,4,1628410,Edmond Sumner,1610612754.0,Indiana,Pacers,IND,4,204456,T.J. McConnell,1610612754.0,Indiana,Pacers,IND,0,0,,,,,,1
233,0022000776,324,2,1,2,8:03 PM,1:32,,,MISS Russell 27' 3PT Jump Shot,,,5,1626156,D'Angelo Russell,1610612750.0,Minnesota,Timberwolves,MIN,0,0,,,,,,0,0,,,,,,1
234,0022000776,325,4,0,2,8:03 PM,1:29,Sampson REBOUND (Off:1 Def:2),,,,,4,203960,JaKarr Sampson,1610612754.0,Indiana,Pacers,IND,0,0,,,,,,0,0,,,,,,1
235,0022000776,326,1,63,2,8:03 PM,1:11,McConnell 13' Fadeaway Jumper (8 PTS),,,53 - 75,22,4,204456,T.J. McConnell,1610612754.0,Indiana,Pacers,IND,0,0,,,,,,0,0,,,,,,1
236,0022000776,327,6,1,2,8:04 PM,0:59,Lamb P.FOUL (P2.PN) (S.Wall),,,,,4,203087,Jeremy Lamb,1610612754.0,Indiana,Pacers,IND,5,1630183,Jaden McDaniels,1610612750.0,Minnesota,Timberwolves,MIN,1,0,,,,,,1
237,0022000776,329,3,11,2,8:04 PM,0:59,,,MISS McDaniels Free Throw 1 of 2,,,5,1630183,Jaden McDaniels,1610612750.0,Minnesota,Timberwolves,MIN,0,0,,,,,,0,0,,,,,,1
238,0022000776,330,4,1,2,8:04 PM,0:59,,,Timberwolves Rebound,,,3,1610612750,,,,,,0,0,,,,,,0,0,,,,,,0
239,0022000776,331,3,12,2,8:04 PM,0:59,,,McDaniels Free Throw 2 of 2 (3 PTS),54 - 75,21,5,1630183,Jaden McDaniels,1610612750.0,Minnesota,Timberwolves,MIN,0,0,,,,,,0,0,,,,,,1
240,0022000776,332,2,109,2,8:05 PM,0:44,MISS Sampson 1' Driving Reverse Dunk Shot,,,,,4,203960,JaKarr Sampson,1610612754.0,Indiana,Pacers,IND,0,0,,,,,,0,0,,,,,,1
241,0022000776,333,4,0,2,8:05 PM,0:40,,,Culver REBOUND (Off:1 Def:1),,,5,1629633,Jarrett Culver,1610612750.0,Minnesota,Timberwolves,MIN,0,0,,,,,,0,0,,,,,,1
242,0022000776,334,6,2,2,8:05 PM,0:32,Sumner S.FOUL (P2.PN) (D.Scott),,,,,4,1628410,Edmond Sumner,1610612754.0,Indiana,Pacers,IND,5,1626156,D'Angelo Russell,1610612750.0,Minnesota,Timberwolves,MIN,1,0,,,,,,1
243,0022000776,336,3,11,2,8:05 PM,0:32,,,Russell Free Throw 1 of 2 (5 PTS),55 - 75,20,5,1626156,D'Angelo Russell,1610612750.0,Minnesota,Timberwolves,MIN,0,0,,,,,,0,0,,,,,,1
244,0022000776,337,3,12,2,8:06 PM,0:32,,,Russell Free Throw 2 of 2 (6 PTS),56 - 75,19,5,1626156,D'Angelo Russell,1610612750.0,Minnesota,Timberwolves,MIN,0,0,,,,,,0,0,,,,,,1
245,0022000776,338,2,78,2,8:06 PM,0:17,MISS Sampson 6' Floating Jump Shot,,,,,4,203960,JaKarr Sampson,1610612754.0,Indiana,Pacers,IND,0,0,,,,,,0,0,,,,,,1
246,0022000776,339,4,0,2,8:06 PM,0:15,,,McDaniels REBOUND (Off:2 Def:3),,,5,1630183,Jaden McDaniels,1610612750.0,Minnesota,Timberwolves,MIN,0,0,,,,,,0,0,,,,,,1
247,0022000776,340,5,1,2,8:06 PM,0:09,Lamb STEAL (1 STL),,McDaniels Bad Pass Turnover (P3.T10),,,5,1630183,Jaden McDaniels,1610612750.0,Minnesota,Timberwolves,MIN,4,203087,Jeremy Lamb,1610612754.0,Indiana,Pacers,IND,0,0,,,,,,1
248,0022000776,342,1,6,2,8:06 PM,0:00,LeVert 1' Driving Layup (12 PTS),,,56 - 77,21,4,1627747,Caris LeVert,1610612754.0,Indiana,Pacers,IND,0,0,,,,,,0,0,,,,,,1
249,0022000776,343,13,0,2,8:06 PM,0:00,,End of 2nd Period (8:06 PM EST),,56 - 77,21,0,0,,,,,,0,0,,,,,,0,0,,,,,,1
250,0022000776,358,12,0,3,8:22 PM,12:00,,Start of 3rd Period (8:22 PM EST),,56 - 77,21,0,0,,,,,,0,0,,,,,,0,0,,,,,,0
251,0022000776,359,2,1,3,8:22 PM,11:42,MISS Holiday 25' 3PT Jump Shot,,,,,4,203200,Justin Holiday,1610612754.0,Indiana,Pacers,IND,0,0,,,,,,0,0,,,,,,1
252,0022000776,360,4,0,3,8:22 PM,11:38,,,Towns REBOUND (Off:3 Def:5),,,5,1626157,Karl-Anthony Towns,1610612750.0,Minnesota,Timberwolves,MIN,0,0,,,,,,0,0,,,,,,1
253,0022000776,361,1,1,3,8:22 PM,11:26,,,Towns 24' 3PT Jump Shot (13 PTS) (Rubio 2 AST),59 - 77,18,5,1626157,Karl-Anthony Towns,1610612750.0,Minnesota,Timberwolves,MIN,5,201937,Ricky Rubio,1610612750.0,Minnesota,Timberwolves,MIN,0,0,,,,,,1
254,0022000776,363,1,79,3,8:23 PM,11:10,Holiday 20' Pullup Jump Shot (7 PTS),,,59 - 79,20,4,203200,Justin Holiday,1610612754.0,Indiana,Pacers,IND,0,0,,,,,,0,0,,,,,,1
255,0022000776,364,1,108,3,8:23 PM,10:59,,,McDaniels 2' Cutting Dunk Shot (5 PTS) (Towns 3 AST),61 - 79,18,5,1630183,Jaden McDaniels,1610612750.0,Minnesota,Timberwolves,MIN,5,1626157,Karl-Anthony Towns,1610612750.0,Minnesota,Timberwolves,MIN,0,0,,,,,,1
256,0022000776,366,1,98,3,8:23 PM,10:49,Sumner 1' Cutting Layup Shot (4 PTS) (LeVert 1 AST),,,61 - 81,20,4,1628410,Edmond Sumner,1610612754.0,Indiana,Pacers,IND,4,1627747,Caris LeVert,1610612754.0,Indiana,Pacers,IND,0,0,,,,,,1
257,0022000776,368,2,1,3,8:23 PM,10:38,,,MISS Towns 27' 3PT Jump Shot,,,5,1626157,Karl-Anthony Towns,1610612750.0,Minnesota,Timberwolves,MIN,0,0,,,,,,0,0,,,,,,1
258,0022000776,369,4,0,3,8:23 PM,10:36,Sumner REBOUND (Off:0 Def:1),,,,,4,1628410,Edmond Sumner,1610612754.0,Indiana,Pacers,IND,0,0,,,,,,0,0,,,,,,1
259,0022000776,370,2,79,3,8:23 PM,10:30,MISS Sumner 17' Pullup Jump Shot,,,,,4,1628410,Edmond Sumner,1610612754.0,Indiana,Pacers,IND,0,0,,,,,,0,0,,,,,,1
260,0022000776,371,4,0,3,8:23 PM,10:27,,,McDaniels REBOUND (Off:2 Def:4),,,5,1630183,Jaden McDaniels,1610612750.0,Minnesota,Timberwolves,MIN,0,0,,,,,,0,0,,,,,,1
261,0022000776,372,1,1,3,8:24 PM,10:07,,,McDaniels 26' 3PT Jump Shot (8 PTS) (Towns 4 AST),64 - 81,17,5,1630183,Jaden McDaniels,1610612750.0,Minnesota,Timberwolves,MIN,5,1626157,Karl-Anthony Towns,1610612750.0,Minnesota,Timberwolves,MIN,0,0,,,,,,1
262,0022000776,374,1,78,3,8:24 PM,9:49,Bitadze 14' Floating Jump Shot (14 PTS) (Sumner 1 AST),,,64 - 83,19,4,1629048,Goga Bitadze,1610612754.0,Indiana,Pacers,IND,4,1628410,Edmond Sumner,1610612754.0,Indiana,Pacers,IND,0,0,,,,,,1
263,0022000776,376,1,102,3,8:24 PM,9:36,,,Edwards 10' Driving Floating Bank Jump Shot (10 PTS),66 - 83,17,5,1630162,Anthony Edwards,1610612750.0,Minnesota,Timberwolves,MIN,0,0,,,,,,0,0,,,,,,1
264,0022000776,377,2,75,3,8:24 PM,9:19,MISS McDermott 2' Driving Finger Roll Layup,,,,,4,203926,Doug McDermott,1610612754.0,Indiana,Pacers,IND,0,0,,,,,,0,0,,,,,,1
265,0022000776,378,4,0,3,8:24 PM,9:17,,,Layman REBOUND (Off:0 Def:2),,,5,1627774,Jake Layman,1610612750.0,Minnesota,Timberwolves,MIN,0,0,,,,,,0,0,,,,,,1
266,0022000776,379,2,1,3,8:25 PM,9:02,,,MISS McDaniels 3PT Jump Shot,,,5,1630183,Jaden McDaniels,1610612750.0,Minnesota,Timberwolves,MIN,0,0,,,,,,0,0,,,,,,1
267,0022000776,380,4,0,3,8:25 PM,8:59,LeVert REBOUND (Off:0 Def:3),,,,,4,1627747,Caris LeVert,1610612754.0,Indiana,Pacers,IND,0,0,,,,,,0,0,,,,,,1
268,0022000776,381,5,2,3,8:25 PM,8:54,McDermott Lost Ball Turnover (P2.T5),,Rubio STEAL (2 STL),,,4,203926,Doug McDermott,1610612754.0,Indiana,Pacers,IND,5,201937,Ricky Rubio,1610612750.0,Minnesota,Timberwolves,MIN,0,0,,,,,,1
269,0022000776,383,1,99,3,8:25 PM,8:48,,,Layman 3' Cutting Finger Roll Layup Shot (6 PTS) (McDaniels 2 AST),68 - 83,15,5,1627774,Jake Layman,1610612750.0,Minnesota,Timberwolves,MIN,5,1630183,Jaden McDaniels,1610612750.0,Minnesota,Timberwolves,MIN,0,0,,,,,,1
270,0022000776,385,6,2,3,8:25 PM,8:48,LeVert S.FOUL (P1.T1) (D.Scott),,,,,4,1627747,Caris LeVert,1610612754.0,Indiana,Pacers,IND,5,1627774,Jake Layman,1610612750.0,Minnesota,Timberwolves,MIN,1,0,,,,,,1
271,0022000776,387,3,10,3,8:25 PM,8:48,,,Layman Free Throw 1 of 1 (7 PTS),69 - 83,14,5,1627774,Jake Layman,1610612750.0,Minnesota,Timberwolves,MIN,0,0,,,,,,0,0,,,,,,1
272,0022000776,388,1,102,3,8:26 PM,8:30,McDermott 14' Driving Floating Bank Jump Shot (8 PTS) (Bitadze 3 AST),,,69 - 85,16,4,203926,Doug McDermott,1610612754.0,Indiana,Pacers,IND,4,1629048,Goga Bitadze,1610612754.0,Indiana,Pacers,IND,0,0,,,,,,1
273,0022000776,390,1,1,3,8:26 PM,8:22,,,Towns 30' 3PT Jump Shot (16 PTS) (Rubio 3 AST),72 - 85,13,5,1626157,Karl-Anthony Towns,1610612750.0,Minnesota,Timberwolves,MIN,5,201937,Ricky Rubio,1610612750.0,Minnesota,Timberwolves,MIN,0,0,,,,,,1
274,0022000776,392,9,1,3,8:26 PM,8:20,PACERS Timeout: Regular (Full 3 Short 0),,,,,2,1610612754,,,,,,0,0,,,,,,0,0,,,,,,0
275,0022000776,393,2,1,3,8:29 PM,8:01,MISS Bitadze 26' 3PT Jump Shot,,,,,4,1629048,Goga Bitadze,1610612754.0,Indiana,Pacers,IND,0,0,,,,,,0,0,,,,,,1
276,0022000776,394,4,0,3,8:29 PM,7:56,,,Rubio REBOUND (Off:0 Def:4),,,5,201937,Ricky Rubio,1610612750.0,Minnesota,Timberwolves,MIN,0,0,,,,,,0,0,,,,,,1
277,0022000776,395,2,1,3,8:29 PM,7:49,,,MISS Edwards 28' 3PT Jump Shot,,,5,1630162,Anthony Edwards,1610612750.0,Minnesota,Timberwolves,MIN,0,0,,,,,,0,0,,,,,,1
278,0022000776,396,4,0,3,8:29 PM,7:45,Holiday REBOUND (Off:0 Def:3),,,,,4,203200,Justin Holiday,1610612754.0,Indiana,Pacers,IND,0,0,,,,,,0,0,,,,,,1
279,0022000776,397,1,6,3,8:30 PM,7:34,Holiday 2' Driving Layup (9 PTS),,,72 - 87,15,4,203200,Justin Holiday,1610612754.0,Indiana,Pacers,IND,0,0,,,,,,0,0,,,,,,1
280,0022000776,398,1,108,3,8:30 PM,7:18,,,Layman 1' Cutting Dunk Shot (9 PTS) (Rubio 4 AST),74 - 87,13,5,1627774,Jake Layman,1610612750.0,Minnesota,Timberwolves,MIN,5,201937,Ricky Rubio,1610612750.0,Minnesota,Timberwolves,MIN,0,0,,,,,,1
281,0022000776,400,1,75,3,8:30 PM,7:02,McDermott 1' Driving Finger Roll Layup (10 PTS) (Bitadze 4 AST),,,74 - 89,15,4,203926,Doug McDermott,1610612754.0,Indiana,Pacers,IND,4,1629048,Goga Bitadze,1610612754.0,Indiana,Pacers,IND,0,0,,,,,,1
282,0022000776,402,1,66,3,8:30 PM,6:50,,,Towns 6' Jump Bank Shot (18 PTS) (Rubio 5 AST),76 - 89,13,5,1626157,Karl-Anthony Towns,1610612750.0,Minnesota,Timberwolves,MIN,5,201937,Ricky Rubio,1610612750.0,Minnesota,Timberwolves,MIN,0,0,,,,,,1
283,0022000776,404,1,6,3,8:31 PM,6:37,LeVert Driving Layup (14 PTS),,,76 - 91,15,4,1627747,Caris LeVert,1610612754.0,Indiana,Pacers,IND,0,0,,,,,,0,0,,,,,,1
284,0022000776,405,6,2,3,8:31 PM,6:37,,,McDaniels S.FOUL (P2.T1) (D.Scott),,,5,1630183,Jaden McDaniels,1610612750.0,Minnesota,Timberwolves,MIN,4,1627747,Caris LeVert,1610612754.0,Indiana,Pacers,IND,1,0,,,,,,1
285,0022000776,407,8,0,3,8:31 PM,6:37,SUB: Sampson FOR Sumner,,,,,4,1628410,Edmond Sumner,1610612754.0,Indiana,Pacers,IND,4,203960,JaKarr Sampson,1610612754.0,Indiana,Pacers,IND,0,0,,,,,,0
286,0022000776,408,8,0,3,8:31 PM,6:37,SUB: McConnell FOR Bitadze,,,,,4,1629048,Goga Bitadze,1610612754.0,Indiana,Pacers,IND,4,204456,T.J. McConnell,1610612754.0,Indiana,Pacers,IND,0,0,,,,,,0
287,0022000776,411,3,10,3,8:31 PM,6:37,LeVert Free Throw 1 of 1 (15 PTS),,,76 - 92,16,4,1627747,Caris LeVert,1610612754.0,Indiana,Pacers,IND,0,0,,,,,,0,0,,,,,,1
288,0022000776,412,2,101,3,8:32 PM,6:15,,,MISS Edwards 3' Driving Floating Jump Shot,,,5,1630162,Anthony Edwards,1610612750.0,Minnesota,Timberwolves,MIN,0,0,,,,,,0,0,,,,,,1
289,0022000776,413,4,0,3,8:32 PM,6:13,Holiday REBOUND (Off:0 Def:4),,,,,4,203200,Justin Holiday,1610612754.0,Indiana,Pacers,IND,0,0,,,,,,0,0,,,,,,1
290,0022000776,414,1,76,3,8:32 PM,6:08,LeVert Running Finger Roll Layup (17 PTS) (McConnell 8 AST),,,76 - 94,18,4,1627747,Caris LeVert,1610612754.0,Indiana,Pacers,IND,4,204456,T.J. McConnell,1610612754.0,Indiana,Pacers,IND,0,0,,,,,,1
291,0022000776,416,6,2,3,8:32 PM,5:55,Sampson S.FOUL (P3.T2) (S.Wall),,,,,4,203960,JaKarr Sampson,1610612754.0,Indiana,Pacers,IND,5,1626157,Karl-Anthony Towns,1610612750.0,Minnesota,Timberwolves,MIN,1,0,,,,,,1
292,0022000776,418,3,11,3,8:33 PM,5:55,,,Towns Free Throw 1 of 2 (19 PTS),77 - 94,17,5,1626157,Karl-Anthony Towns,1610612750.0,Minnesota,Timberwolves,MIN,0,0,,,,,,0,0,,,,,,1
293,0022000776,419,8,0,3,8:33 PM,5:55,,,SUB: Russell FOR Layman,,,5,1627774,Jake Layman,1610612750.0,Minnesota,Timberwolves,MIN,5,1626156,D'Angelo Russell,1610612750.0,Minnesota,Timberwolves,MIN,0,0,,,,,,0
294,0022000776,421,3,12,3,8:33 PM,5:55,,,Towns Free Throw 2 of 2 (20 PTS),78 - 94,16,5,1626157,Karl-Anthony Towns,1610612750.0,Minnesota,Timberwolves,MIN,0,0,,,,,,0,0,,,,,,1
295,0022000776,422,1,98,3,8:33 PM,5:40,McDermott Cutting Layup Shot (12 PTS) (McConnell 9 AST),,,78 - 96,18,4,203926,Doug McDermott,1610612754.0,Indiana,Pacers,IND,4,204456,T.J. McConnell,1610612754.0,Indiana,Pacers,IND,0,0,,,,,,1
296,0022000776,424,2,1,3,8:34 PM,5:24,,,MISS Russell 16' Jump Shot,,,5,1626156,D'Angelo Russell,1610612750.0,Minnesota,Timberwolves,MIN,0,0,,,,,,0,0,,,,,,1
297,0022000776,425,4,0,3,8:34 PM,5:21,LeVert REBOUND (Off:0 Def:4),,,,,4,1627747,Caris LeVert,1610612754.0,Indiana,Pacers,IND,0,0,,,,,,0,0,,,,,,1
298,0022000776,426,5,1,3,8:34 PM,5:16,LeVert Bad Pass Turnover (P1.T6),,McDaniels STEAL (1 STL),,,4,1627747,Caris LeVert,1610612754.0,Indiana,Pacers,IND,5,1630183,Jaden McDaniels,1610612750.0,Minnesota,Timberwolves,MIN,0,0,,,,,,1
299,0022000776,428,1,63,3,8:34 PM,5:10,,,Rubio 14' Fadeaway Jumper (11 PTS) (Russell 3 AST),80 - 96,16,5,201937,Ricky Rubio,1610612750.0,Minnesota,Timberwolves,MIN,5,1626156,D'Angelo Russell,1610612750.0,Minnesota,Timberwolves,MIN,0,0,,,,,,1
300,0022000776,430,1,1,3,8:34 PM,4:59,Sampson 20' Jump Shot (10 PTS) (McConnell 10 AST),,,80 - 98,18,4,203960,JaKarr Sampson,1610612754.0,Indiana,Pacers,IND,4,204456,T.J. McConnell,1610612754.0,Indiana,Pacers,IND,0,0,,,,,,1
301,0022000776,432,1,98,3,8:34 PM,4:46,,,Towns 1' Cutting Layup Shot (22 PTS) (Russell 4 AST),82 - 98,16,5,1626157,Karl-Anthony Towns,1610612750.0,Minnesota,Timberwolves,MIN,5,1626156,D'Angelo Russell,1610612750.0,Minnesota,Timberwolves,MIN,0,0,,,,,,1
302,0022000776,434,6,2,3,8:34 PM,4:46,Holiday S.FOUL (P2.T3) (D.Scott),,,,,4,203200,Justin Holiday,1610612754.0,Indiana,Pacers,IND,5,1626157,Karl-Anthony Towns,1610612750.0,Minnesota,Timberwolves,MIN,1,0,,,,,,1
303,0022000776,436,8,0,3,8:34 PM,4:46,,,SUB: Hernangomez FOR Edwards,,,5,1630162,Anthony Edwards,1610612750.0,Minnesota,Timberwolves,MIN,5,1627823,Juancho Hernangomez,1610612750.0,Minnesota,Timberwolves,MIN,0,0,,,,,,0
304,0022000776,437,8,0,3,8:34 PM,4:46,,,SUB: McLaughlin FOR Rubio,,,5,201937,Ricky Rubio,1610612750.0,Minnesota,Timberwolves,MIN,5,1629162,Jordan McLaughlin,1610612750.0,Minnesota,Timberwolves,MIN,0,0,,,,,,0
305,0022000776,440,8,0,3,8:35 PM,4:46,SUB: Holiday FOR McDermott,,,,,4,203926,Doug McDermott,1610612754.0,Indiana,Pacers,IND,4,1628988,Aaron Holiday,1610612754.0,Indiana,Pacers,IND,0,0,,,,,,0
306,0022000776,442,3,10,3,8:35 PM,4:46,,,Towns Free Throw 1 of 1 (23 PTS),83 - 98,15,5,1626157,Karl-Anthony Towns,1610612750.0,Minnesota,Timberwolves,MIN,0,0,,,,,,0,0,,,,,,1
307,0022000776,443,2,1,3,8:35 PM,4:32,MISS Sampson 25' 3PT Jump Shot,,,,,4,203960,JaKarr Sampson,1610612754.0,Indiana,Pacers,IND,0,0,,,,,,0,0,,,,,,1
308,0022000776,444,4,0,3,8:35 PM,4:28,,,Towns REBOUND (Off:3 Def:6),,,5,1626157,Karl-Anthony Towns,1610612750.0,Minnesota,Timberwolves,MIN,0,0,,,,,,0,0,,,,,,1
309,0022000776,445,6,2,3,8:35 PM,4:22,Sampson S.FOUL (P4.T4) (J.Tiven),,,,,4,203960,JaKarr Sampson,1610612754.0,Indiana,Pacers,IND,5,1626156,D'Angelo Russell,1610612750.0,Minnesota,Timberwolves,MIN,1,0,,,,,,1
310,0022000776,447,3,11,3,8:36 PM,4:22,,,Russell Free Throw 1 of 2 (7 PTS),84 - 98,14,5,1626156,D'Angelo Russell,1610612750.0,Minnesota,Timberwolves,MIN,0,0,,,,,,0,0,,,,,,1
311,0022000776,448,3,12,3,8:36 PM,4:22,,,Russell Free Throw 2 of 2 (8 PTS),85 - 98,13,5,1626156,D'Angelo Russell,1610612750.0,Minnesota,Timberwolves,MIN,0,0,,,,,,0,0,,,,,,1
312,0022000776,449,1,79,3,8:36 PM,4:11,McConnell 14' Pullup Jump Shot (10 PTS),,,85 - 100,15,4,204456,T.J. McConnell,1610612754.0,Indiana,Pacers,IND,0,0,,,,,,0,0,,,,,,1
313,0022000776,451,6,4,3,8:36 PM,4:00,,,Towns OFF.Foul (P4) (D.Scott),,,5,1626157,Karl-Anthony Towns,1610612750.0,Minnesota,Timberwolves,MIN,4,1627747,Caris LeVert,1610612754.0,Indiana,Pacers,IND,1,0,,,,,,1
314,0022000776,453,5,37,3,8:36 PM,4:00,,,Towns Offensive Foul Turnover (P4.T11),,,5,1626157,Karl-Anthony Towns,1610612750.0,Minnesota,Timberwolves,MIN,0,0,,,,,,1,0,,,,,,1
315,0022000776,454,8,0,3,8:36 PM,4:00,SUB: Lamb FOR Holiday,,,,,4,203200,Justin Holiday,1610612754.0,Indiana,Pacers,IND,4,203087,Jeremy Lamb,1610612754.0,Indiana,Pacers,IND,0,0,,,,,,0
316,0022000776,456,8,0,3,8:37 PM,4:00,,,SUB: Reid FOR Towns,,,5,1626157,Karl-Anthony Towns,1610612750.0,Minnesota,Timberwolves,MIN,5,1629675,Naz Reid,1610612750.0,Minnesota,Timberwolves,MIN,0,0,,,,,,0
317,0022000776,458,2,79,3,8:37 PM,3:48,MISS LeVert 10' Pullup Jump Shot,,,,,4,1627747,Caris LeVert,1610612754.0,Indiana,Pacers,IND,0,0,,,,,,0,0,,,,,,1
318,0022000776,459,4,0,3,8:37 PM,3:45,,,Timberwolves Rebound,,,3,1610612750,,,,,,0,0,,,,,,0,0,,,,,,0
319,0022000776,461,1,9,3,8:38 PM,3:29,,,Reid 1' Driving Dunk (9 PTS) (McLaughlin 2 AST),87 - 100,13,5,1629675,Naz Reid,1610612750.0,Minnesota,Timberwolves,MIN,5,1629162,Jordan McLaughlin,1610612750.0,Minnesota,Timberwolves,MIN,0,0,,,,,,1
320,0022000776,462,2,75,3,8:38 PM,3:16,MISS Holiday 1' Driving Finger Roll Layup,,,,,4,1628988,Aaron Holiday,1610612754.0,Indiana,Pacers,IND,0,0,,,,,,0,0,,,,,,1
321,0022000776,463,4,0,3,8:38 PM,3:13,Sampson REBOUND (Off:2 Def:2),,,,,4,203960,JaKarr Sampson,1610612754.0,Indiana,Pacers,IND,0,0,,,,,,0,0,,,,,,1
322,0022000776,464,1,72,3,8:38 PM,3:13,Sampson Putback Layup (12 PTS),,,87 - 102,15,4,203960,JaKarr Sampson,1610612754.0,Indiana,Pacers,IND,0,0,,,,,,0,0,,,,,,1
323,0022000776,465,5,45,3,8:38 PM,3:10,,,Russell Out of Bounds - Bad Pass Turnover Turnover (P1.T12),,,5,1626156,D'Angelo Russell,1610612750.0,Minnesota,Timberwolves,MIN,0,0,,,,,,1,0,,,,,,0
324,0022000776,466,9,1,3,8:38 PM,3:10,,,Timberwolves Timeout: Regular (Reg.3 Short 0),,,3,1610612750,,,,,,0,0,,,,,,0,0,,,,,,0
325,0022000776,468,8,0,3,8:40 PM,3:10,SUB: Martin FOR LeVert,,,,,4,1627747,Caris LeVert,1610612754.0,Indiana,Pacers,IND,4,1629103,Kelan Martin,1610612754.0,Indiana,Pacers,IND,0,0,,,,,,0
326,0022000776,471,5,1,3,8:41 PM,2:57,Lamb Bad Pass Turnover (P1.T7),,McDaniels STEAL (2 STL),,,4,203087,Jeremy Lamb,1610612754.0,Indiana,Pacers,IND,5,1630183,Jaden McDaniels,1610612750.0,Minnesota,Timberwolves,MIN,0,0,,,,,,1
327,0022000776,473,6,28,3,8:42 PM,2:57,Holiday Personal Take Foul (P3.PN) (D.Scott),,,,,4,1628988,Aaron Holiday,1610612754.0,Indiana,Pacers,IND,5,1629675,Naz Reid,1610612750.0,Minnesota,Timberwolves,MIN,1,0,,,,,,1
328,0022000776,475,3,11,3,8:42 PM,2:57,,,Reid Free Throw 1 of 2 (10 PTS),88 - 102,14,5,1629675,Naz Reid,1610612750.0,Minnesota,Timberwolves,MIN,0,0,,,,,,0,0,,,,,,1
329,0022000776,476,3,12,3,8:42 PM,2:57,,,Reid Free Throw 2 of 2 (11 PTS),89 - 102,13,5,1629675,Naz Reid,1610612750.0,Minnesota,Timberwolves,MIN,0,0,,,,,,0,0,,,,,,1
330,0022000776,477,2,86,3,8:43 PM,2:36,MISS Lamb 16' Turnaround Fadeaway Shot,,,,,4,203087,Jeremy Lamb,1610612754.0,Indiana,Pacers,IND,0,0,,,,,,0,0,,,,,,1
331,0022000776,478,4,0,3,8:43 PM,2:32,,,Reid REBOUND (Off:2 Def:3),,,5,1629675,Naz Reid,1610612750.0,Minnesota,Timberwolves,MIN,0,0,,,,,,0,0,,,,,,1
332,0022000776,479,6,1,3,8:43 PM,2:20,Sampson P.FOUL (P5.PN) (D.Scott),,,,,4,203960,JaKarr Sampson,1610612754.0,Indiana,Pacers,IND,5,1629675,Naz Reid,1610612750.0,Minnesota,Timberwolves,MIN,1,0,,,,,,1
333,0022000776,481,3,11,3,8:44 PM,2:20,,,Reid Free Throw 1 of 2 (12 PTS),90 - 102,12,5,1629675,Naz Reid,1610612750.0,Minnesota,Timberwolves,MIN,0,0,,,,,,0,0,,,,,,1
334,0022000776,482,8,0,3,8:44 PM,2:20,SUB: Bitadze FOR Sampson,,,,,4,203960,JaKarr Sampson,1610612754.0,Indiana,Pacers,IND,4,1629048,Goga Bitadze,1610612754.0,Indiana,Pacers,IND,0,0,,,,,,0
335,0022000776,484,3,12,3,8:44 PM,2:20,,,Reid Free Throw 2 of 2 (13 PTS),91 - 102,11,5,1629675,Naz Reid,1610612750.0,Minnesota,Timberwolves,MIN,0,0,,,,,,0,0,,,,,,1
336,0022000776,485,6,1,3,8:44 PM,2:08,,,McDaniels P.FOUL (P3.T2) (J.Tiven),,,5,1630183,Jaden McDaniels,1610612750.0,Minnesota,Timberwolves,MIN,4,203087,Jeremy Lamb,1610612754.0,Indiana,Pacers,IND,1,0,,,,,,1
337,0022000776,487,1,1,3,8:44 PM,1:59,Holiday 26' 3PT Jump Shot (17 PTS) (McConnell 11 AST),,,91 - 105,14,4,1628988,Aaron Holiday,1610612754.0,Indiana,Pacers,IND,4,204456,T.J. McConnell,1610612754.0,Indiana,Pacers,IND,0,0,,,,,,1
338,0022000776,489,1,93,3,8:45 PM,1:38,,,Reid 1' Driving Bank Hook Shot (15 PTS),93 - 105,12,5,1629675,Naz Reid,1610612750.0,Minnesota,Timberwolves,MIN,0,0,,,,,,0,0,,,,,,1
339,0022000776,490,2,1,3,8:45 PM,1:26,MISS Martin 27' 3PT Jump Shot,,,,,4,1629103,Kelan Martin,1610612754.0,Indiana,Pacers,IND,0,0,,,,,,0,0,,,,,,1
340,0022000776,491,4,0,3,8:45 PM,1:23,,,McDaniels REBOUND (Off:2 Def:5),,,5,1630183,Jaden McDaniels,1610612750.0,Minnesota,Timberwolves,MIN,0,0,,,,,,0,0,,,,,,1
341,0022000776,492,6,2,3,8:45 PM,1:12,Bitadze S.FOUL (P3.PN) (J.Tiven),,,,,4,1629048,Goga Bitadze,1610612754.0,Indiana,Pacers,IND,5,1629675,Naz Reid,1610612750.0,Minnesota,Timberwolves,MIN,1,0,,,,,,1
342,0022000776,494,3,11,3,8:46 PM,1:12,,,Reid Free Throw 1 of 2 (16 PTS),94 - 105,11,5,1629675,Naz Reid,1610612750.0,Minnesota,Timberwolves,MIN,0,0,,,,,,0,0,,,,,,1
343,0022000776,497,3,12,3,8:46 PM,1:12,,,MISS Reid Free Throw 2 of 2,,,5,1629675,Naz Reid,1610612750.0,Minnesota,Timberwolves,MIN,0,0,,,,,,0,0,,,,,,1
344,0022000776,495,8,0,3,8:46 PM,1:12,,,SUB: Culver FOR McDaniels,,,5,1630183,Jaden McDaniels,1610612750.0,Minnesota,Timberwolves,MIN,5,1629633,Jarrett Culver,1610612750.0,Minnesota,Timberwolves,MIN,0,0,,,,,,0
345,0022000776,498,4,0,3,8:46 PM,1:11,Martin REBOUND (Off:0 Def:4),,,,,4,1629103,Kelan Martin,1610612754.0,Indiana,Pacers,IND,0,0,,,,,,0,0,,,,,,1
346,0022000776,499,1,78,3,8:46 PM,1:00,McConnell 6' Floating Jump Shot (12 PTS),,,94 - 107,13,4,204456,T.J. McConnell,1610612754.0,Indiana,Pacers,IND,0,0,,,,,,0,0,,,,,,1
347,0022000776,500,2,6,3,8:46 PM,0:51,,,MISS McLaughlin 1' Driving Layup,,,5,1629162,Jordan McLaughlin,1610612750.0,Minnesota,Timberwolves,MIN,0,0,,,,,,0,0,,,,,,1
348,0022000776,502,4,0,3,8:47 PM,0:46,Martin REBOUND (Off:0 Def:5),,,,,4,1629103,Kelan Martin,1610612754.0,Indiana,Pacers,IND,0,0,,,,,,0,0,,,,,,1
349,0022000776,503,2,5,3,8:47 PM,0:43,MISS Bitadze 2' Layup,,Culver BLOCK (1 BLK),,,4,1629048,Goga Bitadze,1610612754.0,Indiana,Pacers,IND,0,0,,,,,,5,1629633,Jarrett Culver,1610612750.0,Minnesota,Timberwolves,MIN,1
350,0022000776,505,4,0,3,8:47 PM,0:43,Martin REBOUND (Off:1 Def:5),,,,,4,1629103,Kelan Martin,1610612754.0,Indiana,Pacers,IND,0,0,,,,,,0,0,,,,,,1
351,0022000776,506,1,72,3,8:47 PM,0:43,Martin Putback Layup (5 PTS),,,94 - 109,15,4,1629103,Kelan Martin,1610612754.0,Indiana,Pacers,IND,0,0,,,,,,0,0,,,,,,1
352,0022000776,507,2,44,3,8:47 PM,0:35,Lamb BLOCK (3 BLK),,MISS Russell 2' Reverse Layup,,,5,1626156,D'Angelo Russell,1610612750.0,Minnesota,Timberwolves,MIN,0,0,,,,,,4,203087,Jeremy Lamb,1610612754.0,Indiana,Pacers,IND,1
353,0022000776,509,4,0,3,8:47 PM,0:33,Lamb REBOUND (Off:0 Def:2),,,,,4,203087,Jeremy Lamb,1610612754.0,Indiana,Pacers,IND,0,0,,,,,,0,0,,,,,,1
354,0022000776,510,5,40,3,8:47 PM,0:30,Lamb Out of Bounds Lost Ball Turnover (P2.T8),,,,,4,203087,Jeremy Lamb,1610612754.0,Indiana,Pacers,IND,0,0,,,,,,1,0,,,,,,1
355,0022000776,511,2,79,3,8:47 PM,0:14,Holiday BLOCK (1 BLK),,MISS Russell 18' Pullup Jump Shot,,,5,1626156,D'Angelo Russell,1610612750.0,Minnesota,Timberwolves,MIN,0,0,,,,,,4,1628988,Aaron Holiday,1610612754.0,Indiana,Pacers,IND,1
356,0022000776,513,4,0,3,8:48 PM,0:12,Lamb REBOUND (Off:0 Def:3),,,,,4,203087,Jeremy Lamb,1610612754.0,Indiana,Pacers,IND,0,0,,,,,,0,0,,,,,,1
357,0022000776,514,2,1,3,8:48 PM,0:03,MISS Bitadze 28' 3PT Jump Shot,,,,,4,1629048,Goga Bitadze,1610612754.0,Indiana,Pacers,IND,0,0,,,,,,0,0,,,,,,1
358,0022000776,515,4,0,3,8:48 PM,0:03,,,Hernangomez REBOUND (Off:0 Def:2),,,5,1627823,Juancho Hernangomez,1610612750.0,Minnesota,Timberwolves,MIN,0,0,,,,,,0,0,,,,,,1
359,0022000776,516,13,0,3,8:48 PM,0:00,,End of 3rd Period (8:48 PM EST),,94 - 109,15,0,0,,,,,,0,0,,,,,,0,0,,,,,,1
360,0022000776,521,12,0,4,8:50 PM,12:00,,Start of 4th Period (8:50 PM EST),,94 - 109,15,0,0,,,,,,0,0,,,,,,0,0,,,,,,0
361,0022000776,522,2,1,4,8:51 PM,11:39,,,MISS Reid 27' 3PT Jump Shot,,,5,1629675,Naz Reid,1610612750.0,Minnesota,Timberwolves,MIN,0,0,,,,,,0,0,,,,,,1
362,0022000776,523,4,0,4,8:51 PM,11:36,Lamb REBOUND (Off:0 Def:4),,,,,4,203087,Jeremy Lamb,1610612754.0,Indiana,Pacers,IND,0,0,,,,,,0,0,,,,,,1
363,0022000776,524,1,1,4,8:51 PM,11:15,Holiday 32' 3PT Jump Shot (20 PTS) (Bitadze 5 AST),,,94 - 112,18,4,1628988,Aaron Holiday,1610612754.0,Indiana,Pacers,IND,4,1629048,Goga Bitadze,1610612754.0,Indiana,Pacers,IND,0,0,,,,,,1
364,0022000776,526,1,1,4,8:52 PM,10:58,,,Edwards 26' 3PT Jump Shot (13 PTS) (Towns 5 AST),97 - 112,15,5,1630162,Anthony Edwards,1610612750.0,Minnesota,Timberwolves,MIN,5,1626157,Karl-Anthony Towns,1610612750.0,Minnesota,Timberwolves,MIN,0,0,,,,,,1
365,0022000776,528,6,26,4,8:52 PM,10:43,Holiday Offensive Charge Foul (P4.T1) (S.Wall),,,,,4,1628988,Aaron Holiday,1610612754.0,Indiana,Pacers,IND,5,1629633,Jarrett Culver,1610612750.0,Minnesota,Timberwolves,MIN,1,0,,,,,,1
366,0022000776,530,5,37,4,8:52 PM,10:43,Holiday Offensive Foul Turnover (P1.T9),,,,,4,1628988,Aaron Holiday,1610612754.0,Indiana,Pacers,IND,0,0,,,,,,1,0,,,,,,1
367,0022000776,531,1,6,4,8:52 PM,10:31,,,Edwards 1' Driving Layup (15 PTS) (McLaughlin 3 AST),99 - 112,13,5,1630162,Anthony Edwards,1610612750.0,Minnesota,Timberwolves,MIN,5,1629162,Jordan McLaughlin,1610612750.0,Minnesota,Timberwolves,MIN,0,0,,,,,,1
368,0022000776,533,5,1,4,8:53 PM,10:14,Holiday Bad Pass Turnover (P2.T10),,McLaughlin STEAL (1 STL),,,4,1628988,Aaron Holiday,1610612754.0,Indiana,Pacers,IND,5,1629162,Jordan McLaughlin,1610612750.0,Minnesota,Timberwolves,MIN,0,0,,,,,,1
369,0022000776,536,2,41,4,8:53 PM,10:09,,,MISS McLaughlin 1' Running Layup,,,5,1629162,Jordan McLaughlin,1610612750.0,Minnesota,Timberwolves,MIN,0,0,,,,,,0,0,,,,,,1
370,0022000776,537,4,0,4,8:53 PM,10:07,,,Edwards REBOUND (Off:2 Def:1),,,5,1630162,Anthony Edwards,1610612750.0,Minnesota,Timberwolves,MIN,0,0,,,,,,0,0,,,,,,1
371,0022000776,538,1,97,4,8:53 PM,10:07,,,Edwards Tip Layup Shot (17 PTS),101 - 112,11,5,1630162,Anthony Edwards,1610612750.0,Minnesota,Timberwolves,MIN,0,0,,,,,,0,0,,,,,,1
372,0022000776,539,9,1,4,8:53 PM,10:07,PACERS Timeout: Regular (Full 4 Short 0),,,,,2,1610612754,,,,,,0,0,,,,,,0,0,,,,,,0
373,0022000776,540,8,0,4,8:55 PM,10:07,SUB: Sumner FOR Holiday,,,,,4,1628988,Aaron Holiday,1610612754.0,Indiana,Pacers,IND,4,1628410,Edmond Sumner,1610612754.0,Indiana,Pacers,IND,0,0,,,,,,0
374,0022000776,541,8,0,4,8:55 PM,10:07,SUB: Holiday FOR Martin,,,,,4,1629103,Kelan Martin,1610612754.0,Indiana,Pacers,IND,4,203200,Justin Holiday,1610612754.0,Indiana,Pacers,IND,0,0,,,,,,0
375,0022000776,542,8,0,4,8:55 PM,10:07,SUB: LeVert FOR Lamb,,,,,4,203087,Jeremy Lamb,1610612754.0,Indiana,Pacers,IND,4,1627747,Caris LeVert,1610612754.0,Indiana,Pacers,IND,0,0,,,,,,0
376,0022000776,546,8,0,4,8:55 PM,10:07,,,SUB: McDaniels FOR Reid,,,5,1629675,Naz Reid,1610612750.0,Minnesota,Timberwolves,MIN,5,1630183,Jaden McDaniels,1610612750.0,Minnesota,Timberwolves,MIN,0,0,,,,,,0
377,0022000776,548,2,79,4,8:56 PM,9:58,MISS McConnell 13' Pullup Jump Shot,,,,,4,204456,T.J. McConnell,1610612754.0,Indiana,Pacers,IND,0,0,,,,,,0,0,,,,,,1
378,0022000776,549,4,0,4,8:56 PM,9:55,,,Edwards REBOUND (Off:2 Def:2),,,5,1630162,Anthony Edwards,1610612750.0,Minnesota,Timberwolves,MIN,0,0,,,,,,0,0,,,,,,1
379,0022000776,550,1,41,4,8:56 PM,9:51,,,Edwards 1' Running Layup (19 PTS),103 - 112,9,5,1630162,Anthony Edwards,1610612750.0,Minnesota,Timberwolves,MIN,0,0,,,,,,0,0,,,,,,1
380,0022000776,551,6,1,4,8:56 PM,9:30,,,Culver P.FOUL (P2.T1) (D.Scott),,,5,1629633,Jarrett Culver,1610612750.0,Minnesota,Timberwolves,MIN,4,1627747,Caris LeVert,1610612754.0,Indiana,Pacers,IND,1,0,,,,,,1
381,0022000776,553,2,79,4,8:57 PM,9:20,MISS LeVert 9' Pullup Jump Shot,,,,,4,1627747,Caris LeVert,1610612754.0,Indiana,Pacers,IND,0,0,,,,,,0,0,,,,,,1
382,0022000776,554,4,0,4,8:57 PM,9:17,,,Towns REBOUND (Off:3 Def:7),,,5,1626157,Karl-Anthony Towns,1610612750.0,Minnesota,Timberwolves,MIN,0,0,,,,,,0,0,,,,,,1
383,0022000776,555,1,6,4,8:57 PM,9:06,,,Edwards 2' Driving Layup (21 PTS),105 - 112,7,5,1630162,Anthony Edwards,1610612750.0,Minnesota,Timberwolves,MIN,0,0,,,,,,0,0,,,,,,1
384,0022000776,556,1,1,4,8:57 PM,8:55,Holiday 26' 3PT Jump Shot (12 PTS) (LeVert 2 AST),,,105 - 115,10,4,203200,Justin Holiday,1610612754.0,Indiana,Pacers,IND,4,1627747,Caris LeVert,1610612754.0,Indiana,Pacers,IND,0,0,,,,,,1
385,0022000776,558,2,79,4,8:58 PM,8:35,,,MISS Edwards 27' 3PT Pullup Jump Shot,,,5,1630162,Anthony Edwards,1610612750.0,Minnesota,Timberwolves,MIN,0,0,,,,,,0,0,,,,,,1
386,0022000776,559,4,0,4,8:58 PM,8:33,LeVert REBOUND (Off:0 Def:5),,,,,4,1627747,Caris LeVert,1610612754.0,Indiana,Pacers,IND,0,0,,,,,,0,0,,,,,,1
387,0022000776,560,1,1,4,8:58 PM,8:20,Holiday 25' 3PT Jump Shot (15 PTS) (McConnell 12 AST),,,105 - 118,13,4,203200,Justin Holiday,1610612754.0,Indiana,Pacers,IND,4,204456,T.J. McConnell,1610612754.0,Indiana,Pacers,IND,0,0,,,,,,1
388,0022000776,562,2,6,4,8:58 PM,7:59,Bitadze BLOCK (1 BLK),,MISS Edwards 2' Driving Layup,,,5,1630162,Anthony Edwards,1610612750.0,Minnesota,Timberwolves,MIN,0,0,,,,,,4,1629048,Goga Bitadze,1610612754.0,Indiana,Pacers,IND,1
389,0022000776,564,4,0,4,8:58 PM,7:56,,,Culver REBOUND (Off:2 Def:1),,,5,1629633,Jarrett Culver,1610612750.0,Minnesota,Timberwolves,MIN,0,0,,,,,,0,0,,,,,,1
390,0022000776,565,1,9,4,8:58 PM,7:55,,,Culver 1' Driving Dunk (8 PTS),107 - 118,11,5,1629633,Jarrett Culver,1610612750.0,Minnesota,Timberwolves,MIN,0,0,,,,,,0,0,,,,,,1
391,0022000776,588,5,39,4,8:58 PM,7:46,Sumner Step Out of Bounds Turnover (P1.T11),,,,,4,1628410,Edmond Sumner,1610612754.0,Indiana,Pacers,IND,0,0,,,,,,1,0,,,,,,1
392,0022000776,587,18,1,4,8:59 PM,7:46,,Instant Replay4th Period (8:59 PM EST),,107 - 118,11,0,566,,,,,,0,0,,,,,,1,0,,,,,,0
393,0022000776,568,6,2,4,8:59 PM,7:27,Bitadze S.FOUL (P4.T2) (D.Scott),,,,,4,1629048,Goga Bitadze,1610612754.0,Indiana,Pacers,IND,5,1626157,Karl-Anthony Towns,1610612750.0,Minnesota,Timberwolves,MIN,1,0,,,,,,1
394,0022000776,570,9,1,4,8:59 PM,7:27,PACERS Timeout: Regular (Full 5 Short 0),,,,,2,1610612754,,,,,,0,0,,,,,,0,0,,,,,,0
395,0022000776,571,18,4,4,8:59 PM,7:27,,Instant Replay4th Period (8:59 PM EST),,107 - 118,11,0,568,,,,,,0,0,,,,,,1,0,,,,,,1
396,0022000776,572,8,0,4,9:01 PM,7:27,SUB: Sampson FOR Bitadze,,,,,4,1629048,Goga Bitadze,1610612754.0,Indiana,Pacers,IND,4,203960,JaKarr Sampson,1610612754.0,Indiana,Pacers,IND,0,0,,,,,,0
397,0022000776,573,8,0,4,9:01 PM,7:27,,,SUB: Rubio FOR McLaughlin,,,5,1629162,Jordan McLaughlin,1610612750.0,Minnesota,Timberwolves,MIN,5,201937,Ricky Rubio,1610612750.0,Minnesota,Timberwolves,MIN,0,0,,,,,,0
398,0022000776,576,3,11,4,9:02 PM,7:27,,,MISS Towns Free Throw 1 of 2,,,5,1626157,Karl-Anthony Towns,1610612750.0,Minnesota,Timberwolves,MIN,0,0,,,,,,0,0,,,,,,1
399,0022000776,577,4,1,4,9:02 PM,7:27,,,Timberwolves Rebound,,,3,1610612750,,,,,,0,0,,,,,,0,0,,,,,,0
400,0022000776,578,3,12,4,9:03 PM,7:27,,,Towns Free Throw 2 of 2 (24 PTS),108 - 118,10,5,1626157,Karl-Anthony Towns,1610612750.0,Minnesota,Timberwolves,MIN,0,0,,,,,,0,0,,,,,,1
401,0022000776,579,2,79,4,9:03 PM,7:03,MISS Sumner 11' Pullup Jump Shot,,,,,4,1628410,Edmond Sumner,1610612754.0,Indiana,Pacers,IND,0,0,,,,,,0,0,,,,,,1
402,0022000776,580,4,0,4,9:03 PM,6:59,,,Rubio REBOUND (Off:0 Def:5),,,5,201937,Ricky Rubio,1610612750.0,Minnesota,Timberwolves,MIN,0,0,,,,,,0,0,,,,,,1
403,0022000776,581,1,47,4,9:03 PM,6:47,,,Towns 5' Turnaround Jump Shot (26 PTS) (Culver 1 AST),110 - 118,8,5,1626157,Karl-Anthony Towns,1610612750.0,Minnesota,Timberwolves,MIN,5,1629633,Jarrett Culver,1610612750.0,Minnesota,Timberwolves,MIN,0,0,,,,,,1
404,0022000776,582,2,79,4,9:04 PM,6:34,MISS McConnell 17' Pullup Jump Shot,,,,,4,204456,T.J. McConnell,1610612754.0,Indiana,Pacers,IND,0,0,,,,,,0,0,,,,,,1
405,0022000776,583,4,0,4,9:04 PM,6:32,Sampson REBOUND (Off:3 Def:2),,,,,4,203960,JaKarr Sampson,1610612754.0,Indiana,Pacers,IND,0,0,,,,,,0,0,,,,,,1
406,0022000776,584,1,97,4,9:04 PM,6:32,Sampson Tip Layup Shot (14 PTS),,,110 - 120,10,4,203960,JaKarr Sampson,1610612754.0,Indiana,Pacers,IND,0,0,,,,,,0,0,,,,,,1
407,0022000776,585,9,1,4,9:04 PM,6:24,,,Timberwolves Timeout: Regular (Reg.4 Short 0),,,3,1610612750,,,,,,0,0,,,,,,0,0,,,,,,0
408,0022000776,589,8,0,4,9:05 PM,6:24,,,SUB: Russell FOR Edwards,,,5,1630162,Anthony Edwards,1610612750.0,Minnesota,Timberwolves,MIN,5,1626156,D'Angelo Russell,1610612750.0,Minnesota,Timberwolves,MIN,0,0,,,,,,0
409,0022000776,591,1,6,4,9:06 PM,6:13,,,Towns Driving Layup (28 PTS),112 - 120,8,5,1626157,Karl-Anthony Towns,1610612750.0,Minnesota,Timberwolves,MIN,0,0,,,,,,0,0,,,,,,1
410,0022000776,592,1,1,4,9:06 PM,5:59,Sumner 3PT Jump Shot (7 PTS) (LeVert 3 AST),,,112 - 123,11,4,1628410,Edmond Sumner,1610612754.0,Indiana,Pacers,IND,4,1627747,Caris LeVert,1610612754.0,Indiana,Pacers,IND,0,0,,,,,,1
411,0022000776,594,6,1,4,9:06 PM,5:49,LeVert P.FOUL (P2.T3) (D.Scott),,,,,4,1627747,Caris LeVert,1610612754.0,Indiana,Pacers,IND,5,1626156,D'Angelo Russell,1610612750.0,Minnesota,Timberwolves,MIN,1,0,,,,,,1
412,0022000776,596,6,1,4,9:07 PM,5:47,Sumner P.FOUL (P3.T4) (J.Tiven),,,,,4,1628410,Edmond Sumner,1610612754.0,Indiana,Pacers,IND,5,1626156,D'Angelo Russell,1610612750.0,Minnesota,Timberwolves,MIN,1,0,,,,,,1
413,0022000776,598,1,79,4,9:07 PM,5:39,,,Rubio 18' Pullup Jump Shot (13 PTS) (Culver 2 AST),114 - 123,9,5,201937,Ricky Rubio,1610612750.0,Minnesota,Timberwolves,MIN,5,1629633,Jarrett Culver,1610612750.0,Minnesota,Timberwolves,MIN,0,0,,,,,,1
414,0022000776,600,2,101,4,9:07 PM,5:26,MISS LeVert 7' Driving Floating Jump Shot,,,,,4,1627747,Caris LeVert,1610612754.0,Indiana,Pacers,IND,0,0,,,,,,0,0,,,,,,1
415,0022000776,601,4,0,4,9:07 PM,5:25,PACERS Rebound,,,,,2,1610612754,,,,,,0,0,,,,,,0,0,,,,,,0
416,0022000776,603,8,0,4,9:07 PM,5:25,,,SUB: Edwards FOR Culver,,,5,1629633,Jarrett Culver,1610612750.0,Minnesota,Timberwolves,MIN,5,1630162,Anthony Edwards,1610612750.0,Minnesota,Timberwolves,MIN,0,0,,,,,,0
417,0022000776,605,5,1,4,9:08 PM,5:22,McConnell Bad Pass Turnover (P3.T12),,Rubio STEAL (3 STL),,,4,204456,T.J. McConnell,1610612754.0,Indiana,Pacers,IND,5,201937,Ricky Rubio,1610612750.0,Minnesota,Timberwolves,MIN,0,0,,,,,,1
418,0022000776,607,6,1,4,9:08 PM,5:18,LeVert P.FOUL (P3.PN) (D.Scott),,,,,4,1627747,Caris LeVert,1610612754.0,Indiana,Pacers,IND,5,1626156,D'Angelo Russell,1610612750.0,Minnesota,Timberwolves,MIN,1,0,,,,,,1
419,0022000776,609,1,75,4,9:08 PM,5:13,,,Edwards 1' Driving Finger Roll Layup (23 PTS),116 - 123,7,5,1630162,Anthony Edwards,1610612750.0,Minnesota,Timberwolves,MIN,0,0,,,,,,0,0,,,,,,1
420,0022000776,610,6,2,4,9:08 PM,5:13,Holiday S.FOUL (P3.PN) (J.Tiven),,,,,4,203200,Justin Holiday,1610612754.0,Indiana,Pacers,IND,5,1630162,Anthony Edwards,1610612750.0,Minnesota,Timberwolves,MIN,1,0,,,,,,1
421,0022000776,612,3,10,4,9:09 PM,5:13,,,Edwards Free Throw 1 of 1 (24 PTS),117 - 123,6,5,1630162,Anthony Edwards,1610612750.0,Minnesota,Timberwolves,MIN,0,0,,,,,,0,0,,,,,,1
422,0022000776,613,6,1,4,9:09 PM,5:01,,,Russell P.FOUL (P2.T2) (D.Scott),,,5,1626156,D'Angelo Russell,1610612750.0,Minnesota,Timberwolves,MIN,4,1627747,Caris LeVert,1610612754.0,Indiana,Pacers,IND,1,0,,,,,,1
423,0022000776,615,1,75,4,9:09 PM,4:53,McConnell 2' Driving Finger Roll Layup (14 PTS) (LeVert 4 AST),,,117 - 125,8,4,204456,T.J. McConnell,1610612754.0,Indiana,Pacers,IND,4,1627747,Caris LeVert,1610612754.0,Indiana,Pacers,IND,0,0,,,,,,1
424,0022000776,617,2,98,4,9:10 PM,4:32,,,MISS Edwards 2' Cutting Layup Shot,,,5,1630162,Anthony Edwards,1610612750.0,Minnesota,Timberwolves,MIN,0,0,,,,,,0,0,,,,,,1
425,0022000776,618,4,0,4,9:10 PM,4:30,,,Edwards REBOUND (Off:3 Def:2),,,5,1630162,Anthony Edwards,1610612750.0,Minnesota,Timberwolves,MIN,0,0,,,,,,0,0,,,,,,1
426,0022000776,619,1,1,4,9:10 PM,4:26,,,Edwards 25' 3PT Jump Shot (27 PTS) (Rubio 6 AST),120 - 125,5,5,1630162,Anthony Edwards,1610612750.0,Minnesota,Timberwolves,MIN,5,201937,Ricky Rubio,1610612750.0,Minnesota,Timberwolves,MIN,0,0,,,,,,1
427,0022000776,621,1,1,4,9:10 PM,4:09,Holiday 26' 3PT Jump Shot (18 PTS) (McConnell 13 AST),,,120 - 128,8,4,203200,Justin Holiday,1610612754.0,Indiana,Pacers,IND,4,204456,T.J. McConnell,1610612754.0,Indiana,Pacers,IND,0,0,,,,,,1
428,0022000776,623,1,78,4,9:10 PM,3:50,,,Towns 4' Floating Jump Shot (30 PTS) (Edwards 3 AST),122 - 128,6,5,1626157,Karl-Anthony Towns,1610612750.0,Minnesota,Timberwolves,MIN,5,1630162,Anthony Edwards,1610612750.0,Minnesota,Timberwolves,MIN,0,0,,,,,,1
429,0022000776,625,2,101,4,9:10 PM,3:36,MISS LeVert 9' Driving Floating Jump Shot,,,,,4,1627747,Caris LeVert,1610612754.0,Indiana,Pacers,IND,0,0,,,,,,0,0,,,,,,1
430,0022000776,626,4,0,4,9:10 PM,3:36,,,Towns REBOUND (Off:3 Def:8),,,5,1626157,Karl-Anthony Towns,1610612750.0,Minnesota,Timberwolves,MIN,0,0,,,,,,0,0,,,,,,1
431,0022000776,627,9,1,4,9:11 PM,3:36,,,Timberwolves Timeout: Regular (Reg.5 Short 0),,,3,1610612750,,,,,,0,0,,,,,,0,0,,,,,,0
432,0022000776,628,1,1,4,9:13 PM,3:20,,,Russell 26' 3PT Jump Shot (11 PTS) (Towns 6 AST),125 - 128,3,5,1626156,D'Angelo Russell,1610612750.0,Minnesota,Timberwolves,MIN,5,1626157,Karl-Anthony Towns,1610612750.0,Minnesota,Timberwolves,MIN,0,0,,,,,,1
433,0022000776,630,2,79,4,9:13 PM,3:03,MISS Holiday 26' 3PT Pullup Jump Shot,,,,,4,203200,Justin Holiday,1610612754.0,Indiana,Pacers,IND,0,0,,,,,,0,0,,,,,,1
434,0022000776,631,4,0,4,9:13 PM,3:00,McConnell REBOUND (Off:1 Def:0),,,,,4,204456,T.J. McConnell,1610612754.0,Indiana,Pacers,IND,0,0,,,,,,0,0,,,,,,1
435,0022000776,632,1,1,4,9:13 PM,2:58,Holiday 27' 3PT Jump Shot (21 PTS) (McConnell 14 AST),,,125 - 131,6,4,203200,Justin Holiday,1610612754.0,Indiana,Pacers,IND,4,204456,T.J. McConnell,1610612754.0,Indiana,Pacers,IND,0,0,,,,,,1
436,0022000776,634,5,40,4,9:13 PM,2:35,,,Edwards Out of Bounds Lost Ball Turnover (P2.T13),,,5,1630162,Anthony Edwards,1610612750.0,Minnesota,Timberwolves,MIN,0,0,,,,,,1,0,,,,,,1
437,0022000776,635,8,0,4,9:13 PM,2:35,SUB: Holiday FOR Sumner,,,,,4,1628410,Edmond Sumner,1610612754.0,Indiana,Pacers,IND,4,1628988,Aaron Holiday,1610612754.0,Indiana,Pacers,IND,0,0,,,,,,0
438,0022000776,637,5,4,4,9:14 PM,2:17,McConnell Traveling Turnover (P4.T13),,,,,4,204456,T.J. McConnell,1610612754.0,Indiana,Pacers,IND,0,0,,,,,,1,0,,,,,,1
439,0022000776,638,1,7,4,9:14 PM,2:00,,,Towns 1' Dunk (32 PTS) (Russell 5 AST),127 - 131,4,5,1626157,Karl-Anthony Towns,1610612750.0,Minnesota,Timberwolves,MIN,5,1626156,D'Angelo Russell,1610612750.0,Minnesota,Timberwolves,MIN,0,0,,,,,,1
440,0022000776,640,1,6,4,9:15 PM,1:45,McConnell 4' Driving Layup (16 PTS),,,127 - 133,6,4,204456,T.J. McConnell,1610612754.0,Indiana,Pacers,IND,0,0,,,,,,0,0,,,,,,1
441,0022000776,641,2,1,4,9:15 PM,1:30,Sampson BLOCK (1 BLK),,MISS Russell 17' Jump Shot,,,5,1626156,D'Angelo Russell,1610612750.0,Minnesota,Timberwolves,MIN,0,0,,,,,,4,203960,JaKarr Sampson,1610612754.0,Indiana,Pacers,IND,1
442,0022000776,643,4,0,4,9:15 PM,1:27,McConnell REBOUND (Off:1 Def:1),,,,,4,204456,T.J. McConnell,1610612754.0,Indiana,Pacers,IND,0,0,,,,,,0,0,,,,,,1
443,0022000776,644,1,76,4,9:15 PM,1:25,Sampson 2' Running Finger Roll Layup (16 PTS) (McConnell 15 AST),,,127 - 135,8,4,203960,JaKarr Sampson,1610612754.0,Indiana,Pacers,IND,4,204456,T.J. McConnell,1610612754.0,Indiana,Pacers,IND,0,0,,,,,,1
444,0022000776,646,6,1,4,9:15 PM,1:17,McConnell P.FOUL (P1.PN) (S.Wall),,,,,4,204456,T.J. McConnell,1610612754.0,Indiana,Pacers,IND,5,201937,Ricky Rubio,1610612750.0,Minnesota,Timberwolves,MIN,1,0,,,,,,1
445,0022000776,648,3,11,4,9:16 PM,1:17,,,Rubio Free Throw 1 of 2 (14 PTS),128 - 135,7,5,201937,Ricky Rubio,1610612750.0,Minnesota,Timberwolves,MIN,0,0,,,,,,0,0,,,,,,1
446,0022000776,649,3,12,4,9:16 PM,1:17,,,Rubio Free Throw 2 of 2 (15 PTS),129 - 135,6,5,201937,Ricky Rubio,1610612750.0,Minnesota,Timberwolves,MIN,0,0,,,,,,0,0,,,,,,0
447,0022000776,650,2,79,4,9:16 PM,0:56,MISS McConnell 11' Pullup Jump Shot,,,,,4,204456,T.J. McConnell,1610612754.0,Indiana,Pacers,IND,0,0,,,,,,0,0,,,,,,1
448,0022000776,651,4,0,4,9:16 PM,0:53,,,Towns REBOUND (Off:3 Def:9),,,5,1626157,Karl-Anthony Towns,1610612750.0,Minnesota,Timberwolves,MIN,0,0,,,,,,0,0,,,,,,1
449,0022000776,652,1,41,4,9:17 PM,0:50,,,Russell 6' Running Layup (13 PTS),131 - 135,4,5,1626156,D'Angelo Russell,1610612750.0,Minnesota,Timberwolves,MIN,0,0,,,,,,0,0,,,,,,1
450,0022000776,653,6,2,4,9:17 PM,0:50,Holiday S.FOUL (P4.PN) (D.Scott),,,,,4,203200,Justin Holiday,1610612754.0,Indiana,Pacers,IND,5,1626156,D'Angelo Russell,1610612750.0,Minnesota,Timberwolves,MIN,1,0,,,,,,1
451,0022000776,655,3,10,4,9:18 PM,0:50,,,Russell Free Throw 1 of 1 (14 PTS),132 - 135,3,5,1626156,D'Angelo Russell,1610612750.0,Minnesota,Timberwolves,MIN,0,0,,,,,,0,0,,,,,,1
452,0022000776,656,1,1,4,9:18 PM,0:25,McConnell 24' 3PT Jump Shot (19 PTS) (Holiday 3 AST),,,132 - 138,6,4,204456,T.J. McConnell,1610612754.0,Indiana,Pacers,IND,4,203200,Justin Holiday,1610612754.0,Indiana,Pacers,IND,0,0,,,,,,1
453,0022000776,658,18,0,4,9:18 PM,0:24,,Instant Replay4th Period (9:18 PM EST),,132 - 138,6,0,656,,,,,,0,0,,,,,,1,0,,,,,,0
454,0022000776,659,9,1,4,9:19 PM,0:24,,,Timberwolves Timeout: Regular (Reg.6 Short 0),,,3,1610612750,,,,,,0,0,,,,,,0,0,,,,,,0
455,0022000776,660,2,1,4,9:21 PM,0:23,,,MISS Russell 26' 3PT Jump Shot,,,5,1626156,D'Angelo Russell,1610612750.0,Minnesota,Timberwolves,MIN,0,0,,,,,,0,0,,,,,,1
456,0022000776,661,4,0,4,9:21 PM,0:19,,,Timberwolves Rebound,,,3,1610612750,,,,,,0,0,,,,,,0,0,,,,,,0
457,0022000776,663,6,2,4,9:21 PM,0:15,McConnell S.FOUL (P2.PN) (S.Wall),,,,,4,204456,T.J. McConnell,1610612754.0,Indiana,Pacers,IND,5,201937,Ricky Rubio,1610612750.0,Minnesota,Timberwolves,MIN,1,0,,,,,,1
458,0022000776,665,3,13,4,9:22 PM,0:15,,,Rubio Free Throw 1 of 3 (16 PTS),133 - 138,5,5,201937,Ricky Rubio,1610612750.0,Minnesota,Timberwolves,MIN,0,0,,,,,,0,0,,,,,,1
459,0022000776,666,3,14,4,9:23 PM,0:15,,,MISS Rubio Free Throw 2 of 3,,,5,201937,Ricky Rubio,1610612750.0,Minnesota,Timberwolves,MIN,0,0,,,,,,0,0,,,,,,1
460,0022000776,667,4,1,4,9:23 PM,0:15,,,Timberwolves Rebound,,,3,1610612750,,,,,,0,0,,,,,,0,0,,,,,,0
461,0022000776,668,8,0,4,9:23 PM,0:15,SUB: Bitadze FOR Holiday,,,,,4,1628988,Aaron Holiday,1610612754.0,Indiana,Pacers,IND,4,1629048,Goga Bitadze,1610612754.0,Indiana,Pacers,IND,0,0,,,,,,0
462,0022000776,669,8,0,4,9:23 PM,0:15,,,SUB: Layman FOR Towns,,,5,1626157,Karl-Anthony Towns,1610612750.0,Minnesota,Timberwolves,MIN,5,1627774,Jake Layman,1610612750.0,Minnesota,Timberwolves,MIN,0,0,,,,,,0
463,0022000776,672,3,15,4,9:23 PM,0:15,,,Rubio Free Throw 3 of 3 (17 PTS),134 - 138,4,5,201937,Ricky Rubio,1610612750.0,Minnesota,Timberwolves,MIN,0,0,,,,,,0,0,,,,,,1
464,0022000776,673,9,1,4,9:23 PM,0:15,PACERS Timeout: Regular (Full 6 Short 0),,,,,2,1610612754,,,,,,0,0,,,,,,0,0,,,,,,0
465,0022000776,674,8,0,4,9:24 PM,0:15,SUB: Holiday FOR Sampson,,,,,4,203960,JaKarr Sampson,1610612754.0,Indiana,Pacers,IND,4,1628988,Aaron Holiday,1610612754.0,Indiana,Pacers,IND,0,0,,,,,,0
466,0022000776,675,8,0,4,9:24 PM,0:15,SUB: McDermott FOR Bitadze,,,,,4,1629048,Goga Bitadze,1610612754.0,Indiana,Pacers,IND,4,203926,Doug McDermott,1610612754.0,Indiana,Pacers,IND,0,0,,,,,,0
467,0022000776,676,8,0,4,9:24 PM,0:15,,,SUB: Towns FOR Layman,,,5,1627774,Jake Layman,1610612750.0,Minnesota,Timberwolves,MIN,5,1626157,Karl-Anthony Towns,1610612750.0,Minnesota,Timberwolves,MIN,0,0,,,,,,0
468,0022000776,680,6,28,4,9:25 PM,0:14,,,Rubio Personal Take Foul (P1.T3) (J.Tiven),,,5,201937,Ricky Rubio,1610612750.0,Minnesota,Timberwolves,MIN,4,1627747,Caris LeVert,1610612754.0,Indiana,Pacers,IND,1,0,,,,,,1
469,0022000776,682,6,28,4,9:25 PM,0:13,,,McDaniels Personal Take Foul (P4.PN) (J.Tiven),,,5,1630183,Jaden McDaniels,1610612750.0,Minnesota,Timberwolves,MIN,4,1627747,Caris LeVert,1610612754.0,Indiana,Pacers,IND,1,0,,,,,,1
470,0022000776,684,3,11,4,9:26 PM,0:13,MISS LeVert Free Throw 1 of 2,,,,,4,1627747,Caris LeVert,1610612754.0,Indiana,Pacers,IND,0,0,,,,,,0,0,,,,,,1
471,0022000776,685,4,1,4,9:26 PM,0:13,PACERS Rebound,,,,,2,1610612754,,,,,,0,0,,,,,,0,0,,,,,,0
472,0022000776,686,8,0,4,9:26 PM,0:13,SUB: Sampson FOR McDermott,,,,,4,203926,Doug McDermott,1610612754.0,Indiana,Pacers,IND,4,203960,JaKarr Sampson,1610612754.0,Indiana,Pacers,IND,0,0,,,,,,0
473,0022000776,688,3,12,4,9:26 PM,0:13,LeVert Free Throw 2 of 2 (18 PTS),,,134 - 139,5,4,1627747,Caris LeVert,1610612754.0,Indiana,Pacers,IND,0,0,,,,,,0,0,,,,,,1
474,0022000776,689,9,1,4,9:26 PM,0:13,,,Timberwolves Timeout: Regular (Reg.7 Short 0),,,3,1610612750,,,,,,0,0,,,,,,0,0,,,,,,0
475,0022000776,690,1,79,4,9:28 PM,0:10,,,Russell 27' 3PT Pullup Jump Shot (17 PTS) (Rubio 7 AST),137 - 139,2,5,1626156,D'Angelo Russell,1610612750.0,Minnesota,Timberwolves,MIN,5,201937,Ricky Rubio,1610612750.0,Minnesota,Timberwolves,MIN,0,0,,,,,,1
476,0022000776,692,9,1,4,9:28 PM,0:09,PACERS Timeout: Regular (Full 7 Short 0),,,,,2,1610612754,,,,,,0,0,,,,,,0,0,,,,,,0
477,0022000776,693,8,0,4,9:29 PM,0:09,SUB: McDermott FOR Sampson,,,,,4,203960,JaKarr Sampson,1610612754.0,Indiana,Pacers,IND,4,203926,Doug McDermott,1610612754.0,Indiana,Pacers,IND,0,0,,,,,,0
478,0022000776,695,6,28,4,9:30 PM,0:08,,,Edwards Personal Take Foul (P1.PN) (J.Tiven),,,5,1630162,Anthony Edwards,1610612750.0,Minnesota,Timberwolves,MIN,4,1628988,Aaron Holiday,1610612754.0,Indiana,Pacers,IND,1,0,,,,,,1
479,0022000776,697,3,11,4,9:30 PM,0:08,Holiday Free Throw 1 of 2 (21 PTS),,,137 - 140,3,4,1628988,Aaron Holiday,1610612754.0,Indiana,Pacers,IND,0,0,,,,,,0,0,,,,,,1
480,0022000776,698,8,0,4,9:30 PM,0:08,SUB: Sampson FOR McDermott,,,,,4,203926,Doug McDermott,1610612754.0,Indiana,Pacers,IND,4,203960,JaKarr Sampson,1610612754.0,Indiana,Pacers,IND,0,0,,,,,,0
481,0022000776,700,3,12,4,9:31 PM,0:08,Holiday Free Throw 2 of 2 (22 PTS),,,137 - 141,4,4,1628988,Aaron Holiday,1610612754.0,Indiana,Pacers,IND,0,0,,,,,,0,0,,,,,,1
482,0022000776,701,2,1,4,9:31 PM,0:01,,,MISS Russell 26' 3PT Jump Shot,,,5,1626156,D'Angelo Russell,1610612750.0,Minnesota,Timberwolves,MIN,0,0,,,,,,0,0,,,,,,1
483,0022000776,702,4,0,4,9:31 PM,0:01,McConnell REBOUND (Off:1 Def:2),,,,,4,204456,T.J. McConnell,1610612754.0,Indiana,Pacers,IND,0,0,,,,,,0,0,,,,,,1
484,0022000776,703,13,0,4,9:31 PM,0:00,,End of 4th Period (9:31 PM EST),,137 - 141,4,0,0,,,,,,0,0,,,,,,0,0,,,,,,1
